# FIXED-NODE: DETERMINANTS LIST DUMP FILE [ iLut | nI ] 
 # Size of Hilbert Space:          441
 
         1      1023   1   2   3   4   5   6   7   8   9  10
         2      2559   1   2   3   4   5   6   7   8   9  12
         3      8703   1   2   3   4   5   6   7   8   9  14
         4      1791   1   2   3   4   5   6   7   8  10  11
         5      4863   1   2   3   4   5   6   7   8  10  13
         6      3327   1   2   3   4   5   6   7   8  11  12
         7      9471   1   2   3   4   5   6   7   8  11  14
         8      6399   1   2   3   4   5   6   7   8  12  13
         9     12543   1   2   3   4   5   6   7   8  13  14
        10      2943   1   2   3   4   5   6   7   9  10  12
        11      9087   1   2   3   4   5   6   7   9  10  14
        12     10623   1   2   3   4   5   6   7   9  12  14
        13      3711   1   2   3   4   5   6   7  10  11  12
        14      9855   1   2   3   4   5   6   7  10  11  14
        15      6783   1   2   3   4   5   6   7  10  12  13
        16     12927   1   2   3   4   5   6   7  10  13  14
        17     11391   1   2   3   4   5   6   7  11  12  14
        18     14463   1   2   3   4   5   6   7  12  13  14
        19      1983   1   2   3   4   5   6   8   9  10  11
        20      5055   1   2   3   4   5   6   8   9  10  13
        21      3519   1   2   3   4   5   6   8   9  11  12
        22      9663   1   2   3   4   5   6   8   9  11  14
        23      6591   1   2   3   4   5   6   8   9  12  13
        24     12735   1   2   3   4   5   6   8   9  13  14
        25      5823   1   2   3   4   5   6   8  10  11  13
        26      7359   1   2   3   4   5   6   8  11  12  13
        27     13503   1   2   3   4   5   6   8  11  13  14
        28      3903   1   2   3   4   5   6   9  10  11  12
        29     10047   1   2   3   4   5   6   9  10  11  14
        30      6975   1   2   3   4   5   6   9  10  12  13
        31     13119   1   2   3   4   5   6   9  10  13  14
        32     11583   1   2   3   4   5   6   9  11  12  14
        33     14655   1   2   3   4   5   6   9  12  13  14
        34      7743   1   2   3   4   5   6  10  11  12  13
        35     13887   1   2   3   4   5   6  10  11  13  14
        36     15423   1   2   3   4   5   6  11  12  13  14
        37      3039   1   2   3   4   5   7   8   9  10  12
        38      9183   1   2   3   4   5   7   8   9  10  14
        39     10719   1   2   3   4   5   7   8   9  12  14
        40      3807   1   2   3   4   5   7   8  10  11  12
        41      9951   1   2   3   4   5   7   8  10  11  14
        42      6879   1   2   3   4   5   7   8  10  12  13
        43     13023   1   2   3   4   5   7   8  10  13  14
        44     11487   1   2   3   4   5   7   8  11  12  14
        45     14559   1   2   3   4   5   7   8  12  13  14
        46     11103   1   2   3   4   5   7   9  10  12  14
        47     11871   1   2   3   4   5   7  10  11  12  14
        48     14943   1   2   3   4   5   7  10  12  13  14
        49      3999   1   2   3   4   5   8   9  10  11  12
        50     10143   1   2   3   4   5   8   9  10  11  14
        51      7071   1   2   3   4   5   8   9  10  12  13
        52     13215   1   2   3   4   5   8   9  10  13  14
        53     11679   1   2   3   4   5   8   9  11  12  14
        54     14751   1   2   3   4   5   8   9  12  13  14
        55      7839   1   2   3   4   5   8  10  11  12  13
        56     13983   1   2   3   4   5   8  10  11  13  14
        57     15519   1   2   3   4   5   8  11  12  13  14
        58     12063   1   2   3   4   5   9  10  11  12  14
        59     15135   1   2   3   4   5   9  10  12  13  14
        60     15903   1   2   3   4   5  10  11  12  13  14
        61      2031   1   2   3   4   6   7   8   9  10  11
        62      5103   1   2   3   4   6   7   8   9  10  13
        63      3567   1   2   3   4   6   7   8   9  11  12
        64      9711   1   2   3   4   6   7   8   9  11  14
        65      6639   1   2   3   4   6   7   8   9  12  13
        66     12783   1   2   3   4   6   7   8   9  13  14
        67      5871   1   2   3   4   6   7   8  10  11  13
        68      7407   1   2   3   4   6   7   8  11  12  13
        69     13551   1   2   3   4   6   7   8  11  13  14
        70      3951   1   2   3   4   6   7   9  10  11  12
        71     10095   1   2   3   4   6   7   9  10  11  14
        72      7023   1   2   3   4   6   7   9  10  12  13
        73     13167   1   2   3   4   6   7   9  10  13  14
        74     11631   1   2   3   4   6   7   9  11  12  14
        75     14703   1   2   3   4   6   7   9  12  13  14
        76      7791   1   2   3   4   6   7  10  11  12  13
        77     13935   1   2   3   4   6   7  10  11  13  14
        78     15471   1   2   3   4   6   7  11  12  13  14
        79      6063   1   2   3   4   6   8   9  10  11  13
        80      7599   1   2   3   4   6   8   9  11  12  13
        81     13743   1   2   3   4   6   8   9  11  13  14
        82      7983   1   2   3   4   6   9  10  11  12  13
        83     14127   1   2   3   4   6   9  10  11  13  14
        84     15663   1   2   3   4   6   9  11  12  13  14
        85      4047   1   2   3   4   7   8   9  10  11  12
        86     10191   1   2   3   4   7   8   9  10  11  14
        87      7119   1   2   3   4   7   8   9  10  12  13
        88     13263   1   2   3   4   7   8   9  10  13  14
        89     11727   1   2   3   4   7   8   9  11  12  14
        90     14799   1   2   3   4   7   8   9  12  13  14
        91      7887   1   2   3   4   7   8  10  11  12  13
        92     14031   1   2   3   4   7   8  10  11  13  14
        93     15567   1   2   3   4   7   8  11  12  13  14
        94     12111   1   2   3   4   7   9  10  11  12  14
        95     15183   1   2   3   4   7   9  10  12  13  14
        96     15951   1   2   3   4   7  10  11  12  13  14
        97      8079   1   2   3   4   8   9  10  11  12  13
        98     14223   1   2   3   4   8   9  10  11  13  14
        99     15759   1   2   3   4   8   9  11  12  13  14
       100     16143   1   2   3   4   9  10  11  12  13  14
       101      3063   1   2   3   5   6   7   8   9  10  12
       102      9207   1   2   3   5   6   7   8   9  10  14
       103     10743   1   2   3   5   6   7   8   9  12  14
       104      3831   1   2   3   5   6   7   8  10  11  12
       105      9975   1   2   3   5   6   7   8  10  11  14
       106      6903   1   2   3   5   6   7   8  10  12  13
       107     13047   1   2   3   5   6   7   8  10  13  14
       108     11511   1   2   3   5   6   7   8  11  12  14
       109     14583   1   2   3   5   6   7   8  12  13  14
       110     11127   1   2   3   5   6   7   9  10  12  14
       111     11895   1   2   3   5   6   7  10  11  12  14
       112     14967   1   2   3   5   6   7  10  12  13  14
       113      4023   1   2   3   5   6   8   9  10  11  12
       114     10167   1   2   3   5   6   8   9  10  11  14
       115      7095   1   2   3   5   6   8   9  10  12  13
       116     13239   1   2   3   5   6   8   9  10  13  14
       117     11703   1   2   3   5   6   8   9  11  12  14
       118     14775   1   2   3   5   6   8   9  12  13  14
       119      7863   1   2   3   5   6   8  10  11  12  13
       120     14007   1   2   3   5   6   8  10  11  13  14
       121     15543   1   2   3   5   6   8  11  12  13  14
       122     12087   1   2   3   5   6   9  10  11  12  14
       123     15159   1   2   3   5   6   9  10  12  13  14
       124     15927   1   2   3   5   6  10  11  12  13  14
       125     11223   1   2   3   5   7   8   9  10  12  14
       126     11991   1   2   3   5   7   8  10  11  12  14
       127     15063   1   2   3   5   7   8  10  12  13  14
       128     12183   1   2   3   5   8   9  10  11  12  14
       129     15255   1   2   3   5   8   9  10  12  13  14
       130     16023   1   2   3   5   8  10  11  12  13  14
       131      4071   1   2   3   6   7   8   9  10  11  12
       132     10215   1   2   3   6   7   8   9  10  11  14
       133      7143   1   2   3   6   7   8   9  10  12  13
       134     13287   1   2   3   6   7   8   9  10  13  14
       135     11751   1   2   3   6   7   8   9  11  12  14
       136     14823   1   2   3   6   7   8   9  12  13  14
       137      7911   1   2   3   6   7   8  10  11  12  13
       138     14055   1   2   3   6   7   8  10  11  13  14
       139     15591   1   2   3   6   7   8  11  12  13  14
       140     12135   1   2   3   6   7   9  10  11  12  14
       141     15207   1   2   3   6   7   9  10  12  13  14
       142     15975   1   2   3   6   7  10  11  12  13  14
       143      8103   1   2   3   6   8   9  10  11  12  13
       144     14247   1   2   3   6   8   9  10  11  13  14
       145     15783   1   2   3   6   8   9  11  12  13  14
       146     16167   1   2   3   6   9  10  11  12  13  14
       147     12231   1   2   3   7   8   9  10  11  12  14
       148     15303   1   2   3   7   8   9  10  12  13  14
       149     16071   1   2   3   7   8  10  11  12  13  14
       150     16263   1   2   3   8   9  10  11  12  13  14
       151      2043   1   2   4   5   6   7   8   9  10  11
       152      5115   1   2   4   5   6   7   8   9  10  13
       153      3579   1   2   4   5   6   7   8   9  11  12
       154      9723   1   2   4   5   6   7   8   9  11  14
       155      6651   1   2   4   5   6   7   8   9  12  13
       156     12795   1   2   4   5   6   7   8   9  13  14
       157      5883   1   2   4   5   6   7   8  10  11  13
       158      7419   1   2   4   5   6   7   8  11  12  13
       159     13563   1   2   4   5   6   7   8  11  13  14
       160      3963   1   2   4   5   6   7   9  10  11  12
       161     10107   1   2   4   5   6   7   9  10  11  14
       162      7035   1   2   4   5   6   7   9  10  12  13
       163     13179   1   2   4   5   6   7   9  10  13  14
       164     11643   1   2   4   5   6   7   9  11  12  14
       165     14715   1   2   4   5   6   7   9  12  13  14
       166      7803   1   2   4   5   6   7  10  11  12  13
       167     13947   1   2   4   5   6   7  10  11  13  14
       168     15483   1   2   4   5   6   7  11  12  13  14
       169      6075   1   2   4   5   6   8   9  10  11  13
       170      7611   1   2   4   5   6   8   9  11  12  13
       171     13755   1   2   4   5   6   8   9  11  13  14
       172      7995   1   2   4   5   6   9  10  11  12  13
       173     14139   1   2   4   5   6   9  10  11  13  14
       174     15675   1   2   4   5   6   9  11  12  13  14
       175      4059   1   2   4   5   7   8   9  10  11  12
       176     10203   1   2   4   5   7   8   9  10  11  14
       177      7131   1   2   4   5   7   8   9  10  12  13
       178     13275   1   2   4   5   7   8   9  10  13  14
       179     11739   1   2   4   5   7   8   9  11  12  14
       180     14811   1   2   4   5   7   8   9  12  13  14
       181      7899   1   2   4   5   7   8  10  11  12  13
       182     14043   1   2   4   5   7   8  10  11  13  14
       183     15579   1   2   4   5   7   8  11  12  13  14
       184     12123   1   2   4   5   7   9  10  11  12  14
       185     15195   1   2   4   5   7   9  10  12  13  14
       186     15963   1   2   4   5   7  10  11  12  13  14
       187      8091   1   2   4   5   8   9  10  11  12  13
       188     14235   1   2   4   5   8   9  10  11  13  14
       189     15771   1   2   4   5   8   9  11  12  13  14
       190     16155   1   2   4   5   9  10  11  12  13  14
       191      6123   1   2   4   6   7   8   9  10  11  13
       192      7659   1   2   4   6   7   8   9  11  12  13
       193     13803   1   2   4   6   7   8   9  11  13  14
       194      8043   1   2   4   6   7   9  10  11  12  13
       195     14187   1   2   4   6   7   9  10  11  13  14
       196     15723   1   2   4   6   7   9  11  12  13  14
       197      8139   1   2   4   7   8   9  10  11  12  13
       198     14283   1   2   4   7   8   9  10  11  13  14
       199     15819   1   2   4   7   8   9  11  12  13  14
       200     16203   1   2   4   7   9  10  11  12  13  14
       201      4083   1   2   5   6   7   8   9  10  11  12
       202     10227   1   2   5   6   7   8   9  10  11  14
       203      7155   1   2   5   6   7   8   9  10  12  13
       204     13299   1   2   5   6   7   8   9  10  13  14
       205     11763   1   2   5   6   7   8   9  11  12  14
       206     14835   1   2   5   6   7   8   9  12  13  14
       207      7923   1   2   5   6   7   8  10  11  12  13
       208     14067   1   2   5   6   7   8  10  11  13  14
       209     15603   1   2   5   6   7   8  11  12  13  14
       210     12147   1   2   5   6   7   9  10  11  12  14
       211     15219   1   2   5   6   7   9  10  12  13  14
       212     15987   1   2   5   6   7  10  11  12  13  14
       213      8115   1   2   5   6   8   9  10  11  12  13
       214     14259   1   2   5   6   8   9  10  11  13  14
       215     15795   1   2   5   6   8   9  11  12  13  14
       216     16179   1   2   5   6   9  10  11  12  13  14
       217     12243   1   2   5   7   8   9  10  11  12  14
       218     15315   1   2   5   7   8   9  10  12  13  14
       219     16083   1   2   5   7   8  10  11  12  13  14
       220     16275   1   2   5   8   9  10  11  12  13  14
       221      8163   1   2   6   7   8   9  10  11  12  13
       222     14307   1   2   6   7   8   9  10  11  13  14
       223     15843   1   2   6   7   8   9  11  12  13  14
       224     16227   1   2   6   7   9  10  11  12  13  14
       225     16323   1   2   7   8   9  10  11  12  13  14
       226      3069   1   3   4   5   6   7   8   9  10  12
       227      9213   1   3   4   5   6   7   8   9  10  14
       228     10749   1   3   4   5   6   7   8   9  12  14
       229      3837   1   3   4   5   6   7   8  10  11  12
       230      9981   1   3   4   5   6   7   8  10  11  14
       231      6909   1   3   4   5   6   7   8  10  12  13
       232     13053   1   3   4   5   6   7   8  10  13  14
       233     11517   1   3   4   5   6   7   8  11  12  14
       234     14589   1   3   4   5   6   7   8  12  13  14
       235     11133   1   3   4   5   6   7   9  10  12  14
       236     11901   1   3   4   5   6   7  10  11  12  14
       237     14973   1   3   4   5   6   7  10  12  13  14
       238      4029   1   3   4   5   6   8   9  10  11  12
       239     10173   1   3   4   5   6   8   9  10  11  14
       240      7101   1   3   4   5   6   8   9  10  12  13
       241     13245   1   3   4   5   6   8   9  10  13  14
       242     11709   1   3   4   5   6   8   9  11  12  14
       243     14781   1   3   4   5   6   8   9  12  13  14
       244      7869   1   3   4   5   6   8  10  11  12  13
       245     14013   1   3   4   5   6   8  10  11  13  14
       246     15549   1   3   4   5   6   8  11  12  13  14
       247     12093   1   3   4   5   6   9  10  11  12  14
       248     15165   1   3   4   5   6   9  10  12  13  14
       249     15933   1   3   4   5   6  10  11  12  13  14
       250     11229   1   3   4   5   7   8   9  10  12  14
       251     11997   1   3   4   5   7   8  10  11  12  14
       252     15069   1   3   4   5   7   8  10  12  13  14
       253     12189   1   3   4   5   8   9  10  11  12  14
       254     15261   1   3   4   5   8   9  10  12  13  14
       255     16029   1   3   4   5   8  10  11  12  13  14
       256      4077   1   3   4   6   7   8   9  10  11  12
       257     10221   1   3   4   6   7   8   9  10  11  14
       258      7149   1   3   4   6   7   8   9  10  12  13
       259     13293   1   3   4   6   7   8   9  10  13  14
       260     11757   1   3   4   6   7   8   9  11  12  14
       261     14829   1   3   4   6   7   8   9  12  13  14
       262      7917   1   3   4   6   7   8  10  11  12  13
       263     14061   1   3   4   6   7   8  10  11  13  14
       264     15597   1   3   4   6   7   8  11  12  13  14
       265     12141   1   3   4   6   7   9  10  11  12  14
       266     15213   1   3   4   6   7   9  10  12  13  14
       267     15981   1   3   4   6   7  10  11  12  13  14
       268      8109   1   3   4   6   8   9  10  11  12  13
       269     14253   1   3   4   6   8   9  10  11  13  14
       270     15789   1   3   4   6   8   9  11  12  13  14
       271     16173   1   3   4   6   9  10  11  12  13  14
       272     12237   1   3   4   7   8   9  10  11  12  14
       273     15309   1   3   4   7   8   9  10  12  13  14
       274     16077   1   3   4   7   8  10  11  12  13  14
       275     16269   1   3   4   8   9  10  11  12  13  14
       276     11253   1   3   5   6   7   8   9  10  12  14
       277     12021   1   3   5   6   7   8  10  11  12  14
       278     15093   1   3   5   6   7   8  10  12  13  14
       279     12213   1   3   5   6   8   9  10  11  12  14
       280     15285   1   3   5   6   8   9  10  12  13  14
       281     16053   1   3   5   6   8  10  11  12  13  14
       282     12261   1   3   6   7   8   9  10  11  12  14
       283     15333   1   3   6   7   8   9  10  12  13  14
       284     16101   1   3   6   7   8  10  11  12  13  14
       285     16293   1   3   6   8   9  10  11  12  13  14
       286      4089   1   4   5   6   7   8   9  10  11  12
       287     10233   1   4   5   6   7   8   9  10  11  14
       288      7161   1   4   5   6   7   8   9  10  12  13
       289     13305   1   4   5   6   7   8   9  10  13  14
       290     11769   1   4   5   6   7   8   9  11  12  14
       291     14841   1   4   5   6   7   8   9  12  13  14
       292      7929   1   4   5   6   7   8  10  11  12  13
       293     14073   1   4   5   6   7   8  10  11  13  14
       294     15609   1   4   5   6   7   8  11  12  13  14
       295     12153   1   4   5   6   7   9  10  11  12  14
       296     15225   1   4   5   6   7   9  10  12  13  14
       297     15993   1   4   5   6   7  10  11  12  13  14
       298      8121   1   4   5   6   8   9  10  11  12  13
       299     14265   1   4   5   6   8   9  10  11  13  14
       300     15801   1   4   5   6   8   9  11  12  13  14
       301     16185   1   4   5   6   9  10  11  12  13  14
       302     12249   1   4   5   7   8   9  10  11  12  14
       303     15321   1   4   5   7   8   9  10  12  13  14
       304     16089   1   4   5   7   8  10  11  12  13  14
       305     16281   1   4   5   8   9  10  11  12  13  14
       306      8169   1   4   6   7   8   9  10  11  12  13
       307     14313   1   4   6   7   8   9  10  11  13  14
       308     15849   1   4   6   7   8   9  11  12  13  14
       309     16233   1   4   6   7   9  10  11  12  13  14
       310     16329   1   4   7   8   9  10  11  12  13  14
       311     12273   1   5   6   7   8   9  10  11  12  14
       312     15345   1   5   6   7   8   9  10  12  13  14
       313     16113   1   5   6   7   8  10  11  12  13  14
       314     16305   1   5   6   8   9  10  11  12  13  14
       315     16353   1   6   7   8   9  10  11  12  13  14
       316      2046   2   3   4   5   6   7   8   9  10  11
       317      5118   2   3   4   5   6   7   8   9  10  13
       318      3582   2   3   4   5   6   7   8   9  11  12
       319      9726   2   3   4   5   6   7   8   9  11  14
       320      6654   2   3   4   5   6   7   8   9  12  13
       321     12798   2   3   4   5   6   7   8   9  13  14
       322      5886   2   3   4   5   6   7   8  10  11  13
       323      7422   2   3   4   5   6   7   8  11  12  13
       324     13566   2   3   4   5   6   7   8  11  13  14
       325      3966   2   3   4   5   6   7   9  10  11  12
       326     10110   2   3   4   5   6   7   9  10  11  14
       327      7038   2   3   4   5   6   7   9  10  12  13
       328     13182   2   3   4   5   6   7   9  10  13  14
       329     11646   2   3   4   5   6   7   9  11  12  14
       330     14718   2   3   4   5   6   7   9  12  13  14
       331      7806   2   3   4   5   6   7  10  11  12  13
       332     13950   2   3   4   5   6   7  10  11  13  14
       333     15486   2   3   4   5   6   7  11  12  13  14
       334      6078   2   3   4   5   6   8   9  10  11  13
       335      7614   2   3   4   5   6   8   9  11  12  13
       336     13758   2   3   4   5   6   8   9  11  13  14
       337      7998   2   3   4   5   6   9  10  11  12  13
       338     14142   2   3   4   5   6   9  10  11  13  14
       339     15678   2   3   4   5   6   9  11  12  13  14
       340      4062   2   3   4   5   7   8   9  10  11  12
       341     10206   2   3   4   5   7   8   9  10  11  14
       342      7134   2   3   4   5   7   8   9  10  12  13
       343     13278   2   3   4   5   7   8   9  10  13  14
       344     11742   2   3   4   5   7   8   9  11  12  14
       345     14814   2   3   4   5   7   8   9  12  13  14
       346      7902   2   3   4   5   7   8  10  11  12  13
       347     14046   2   3   4   5   7   8  10  11  13  14
       348     15582   2   3   4   5   7   8  11  12  13  14
       349     12126   2   3   4   5   7   9  10  11  12  14
       350     15198   2   3   4   5   7   9  10  12  13  14
       351     15966   2   3   4   5   7  10  11  12  13  14
       352      8094   2   3   4   5   8   9  10  11  12  13
       353     14238   2   3   4   5   8   9  10  11  13  14
       354     15774   2   3   4   5   8   9  11  12  13  14
       355     16158   2   3   4   5   9  10  11  12  13  14
       356      6126   2   3   4   6   7   8   9  10  11  13
       357      7662   2   3   4   6   7   8   9  11  12  13
       358     13806   2   3   4   6   7   8   9  11  13  14
       359      8046   2   3   4   6   7   9  10  11  12  13
       360     14190   2   3   4   6   7   9  10  11  13  14
       361     15726   2   3   4   6   7   9  11  12  13  14
       362      8142   2   3   4   7   8   9  10  11  12  13
       363     14286   2   3   4   7   8   9  10  11  13  14
       364     15822   2   3   4   7   8   9  11  12  13  14
       365     16206   2   3   4   7   9  10  11  12  13  14
       366      4086   2   3   5   6   7   8   9  10  11  12
       367     10230   2   3   5   6   7   8   9  10  11  14
       368      7158   2   3   5   6   7   8   9  10  12  13
       369     13302   2   3   5   6   7   8   9  10  13  14
       370     11766   2   3   5   6   7   8   9  11  12  14
       371     14838   2   3   5   6   7   8   9  12  13  14
       372      7926   2   3   5   6   7   8  10  11  12  13
       373     14070   2   3   5   6   7   8  10  11  13  14
       374     15606   2   3   5   6   7   8  11  12  13  14
       375     12150   2   3   5   6   7   9  10  11  12  14
       376     15222   2   3   5   6   7   9  10  12  13  14
       377     15990   2   3   5   6   7  10  11  12  13  14
       378      8118   2   3   5   6   8   9  10  11  12  13
       379     14262   2   3   5   6   8   9  10  11  13  14
       380     15798   2   3   5   6   8   9  11  12  13  14
       381     16182   2   3   5   6   9  10  11  12  13  14
       382     12246   2   3   5   7   8   9  10  11  12  14
       383     15318   2   3   5   7   8   9  10  12  13  14
       384     16086   2   3   5   7   8  10  11  12  13  14
       385     16278   2   3   5   8   9  10  11  12  13  14
       386      8166   2   3   6   7   8   9  10  11  12  13
       387     14310   2   3   6   7   8   9  10  11  13  14
       388     15846   2   3   6   7   8   9  11  12  13  14
       389     16230   2   3   6   7   9  10  11  12  13  14
       390     16326   2   3   7   8   9  10  11  12  13  14
       391      6138   2   4   5   6   7   8   9  10  11  13
       392      7674   2   4   5   6   7   8   9  11  12  13
       393     13818   2   4   5   6   7   8   9  11  13  14
       394      8058   2   4   5   6   7   9  10  11  12  13
       395     14202   2   4   5   6   7   9  10  11  13  14
       396     15738   2   4   5   6   7   9  11  12  13  14
       397      8154   2   4   5   7   8   9  10  11  12  13
       398     14298   2   4   5   7   8   9  10  11  13  14
       399     15834   2   4   5   7   8   9  11  12  13  14
       400     16218   2   4   5   7   9  10  11  12  13  14
       401      8178   2   5   6   7   8   9  10  11  12  13
       402     14322   2   5   6   7   8   9  10  11  13  14
       403     15858   2   5   6   7   8   9  11  12  13  14
       404     16242   2   5   6   7   9  10  11  12  13  14
       405     16338   2   5   7   8   9  10  11  12  13  14
       406      4092   3   4   5   6   7   8   9  10  11  12
       407     10236   3   4   5   6   7   8   9  10  11  14
       408      7164   3   4   5   6   7   8   9  10  12  13
       409     13308   3   4   5   6   7   8   9  10  13  14
       410     11772   3   4   5   6   7   8   9  11  12  14
       411     14844   3   4   5   6   7   8   9  12  13  14
       412      7932   3   4   5   6   7   8  10  11  12  13
       413     14076   3   4   5   6   7   8  10  11  13  14
       414     15612   3   4   5   6   7   8  11  12  13  14
       415     12156   3   4   5   6   7   9  10  11  12  14
       416     15228   3   4   5   6   7   9  10  12  13  14
       417     15996   3   4   5   6   7  10  11  12  13  14
       418      8124   3   4   5   6   8   9  10  11  12  13
       419     14268   3   4   5   6   8   9  10  11  13  14
       420     15804   3   4   5   6   8   9  11  12  13  14
       421     16188   3   4   5   6   9  10  11  12  13  14
       422     12252   3   4   5   7   8   9  10  11  12  14
       423     15324   3   4   5   7   8   9  10  12  13  14
       424     16092   3   4   5   7   8  10  11  12  13  14
       425     16284   3   4   5   8   9  10  11  12  13  14
       426      8172   3   4   6   7   8   9  10  11  12  13
       427     14316   3   4   6   7   8   9  10  11  13  14
       428     15852   3   4   6   7   8   9  11  12  13  14
       429     16236   3   4   6   7   9  10  11  12  13  14
       430     16332   3   4   7   8   9  10  11  12  13  14
       431     12276   3   5   6   7   8   9  10  11  12  14
       432     15348   3   5   6   7   8   9  10  12  13  14
       433     16116   3   5   6   7   8  10  11  12  13  14
       434     16308   3   5   6   8   9  10  11  12  13  14
       435     16356   3   6   7   8   9  10  11  12  13  14
       436      8184   4   5   6   7   8   9  10  11  12  13
       437     14328   4   5   6   7   8   9  10  11  13  14
       438     15864   4   5   6   7   8   9  11  12  13  14
       439     16248   4   5   6   7   9  10  11  12  13  14
       440     16344   4   5   7   8   9  10  11  12  13  14
       441     16368   5   6   7   8   9  10  11  12  13  14
