# FIXED-NODE: TRIAL WAVE FUNCTION DUMP FILE [ nI | twfn amp. ]
 # Size of Hilbert Space:          441
 # Type of Trial Wave Function |  Slater =           1  |  Jastrow = F  |  Backflow = F
 
         1   1   2   3   4   5   6   7   8   9  10   4.80575304110E-01
         2   1   2   3   4   5   6   7   8   9  12   1.39700656337E-02
         3   1   2   3   4   5   6   7   8   9  14  -5.58717232549E-03
         4   1   2   3   4   5   6   7   8  10  11  -1.39700656337E-02
         5   1   2   3   4   5   6   7   8  10  13   5.58717232549E-03
         6   1   2   3   4   5   6   7   8  11  12   4.06102294775E-04
         7   1   2   3   4   5   6   7   8  11  14  -1.62416094682E-04
         8   1   2   3   4   5   6   7   8  12  13   1.62416094682E-04
         9   1   2   3   4   5   6   7   8  13  14   6.49565100989E-05
        10   1   2   3   4   5   6   7   9  10  12  -1.76728914946E-01
        11   1   2   3   4   5   6   7   9  10  14  -1.70817868191E-01
        12   1   2   3   4   5   6   7   9  12  14  -7.02023533855E-03
        13   1   2   3   4   5   6   7  10  11  12   5.13741451145E-03
        14   1   2   3   4   5   6   7  10  11  14   4.96558356128E-03
        15   1   2   3   4   5   6   7  10  12  13   2.05465177727E-03
        16   1   2   3   4   5   6   7  10  13  14  -1.98592990046E-03
        17   1   2   3   4   5   6   7  11  12  14  -2.04074465761E-04
        18   1   2   3   4   5   6   7  12  13  14  -8.16173121393E-05
        19   1   2   3   4   5   6   8   9  10  11   1.76728914946E-01
        20   1   2   3   4   5   6   8   9  10  13   1.70817868191E-01
        21   1   2   3   4   5   6   8   9  11  12  -5.13741451145E-03
        22   1   2   3   4   5   6   8   9  11  14   2.05465177727E-03
        23   1   2   3   4   5   6   8   9  12  13   4.96558356128E-03
        24   1   2   3   4   5   6   8   9  13  14   1.98592990046E-03
        25   1   2   3   4   5   6   8  10  11  13  -7.02023533855E-03
        26   1   2   3   4   5   6   8  11  12  13   2.04074465761E-04
        27   1   2   3   4   5   6   8  11  13  14   8.16173121393E-05
        28   1   2   3   4   5   6   9  10  11  12   6.49910827938E-02
        29   1   2   3   4   5   6   9  10  11  14   6.28173279831E-02
        30   1   2   3   4   5   6   9  10  12  13  -6.28173279831E-02
        31   1   2   3   4   5   6   9  10  13  14   6.07162786848E-02
        32   1   2   3   4   5   6   9  11  12  14  -2.58165278873E-03
        33   1   2   3   4   5   6   9  12  13  14   2.49530432479E-03
        34   1   2   3   4   5   6  10  11  12  13   2.58165278873E-03
        35   1   2   3   4   5   6  10  11  13  14  -2.49530432479E-03
        36   1   2   3   4   5   6  11  12  13  14   1.02551470679E-04
        37   1   2   3   4   5   7   8   9  10  12   7.90704214710E-02
        38   1   2   3   4   5   7   8   9  10  14  -6.17431866287E-02
        39   1   2   3   4   5   7   8   9  12  14  -8.75567877571E-04
        40   1   2   3   4   5   7   8  10  11  12  -2.29853462754E-03
        41   1   2   3   4   5   7   8  10  11  14   1.79484122938E-03
        42   1   2   3   4   5   7   8  10  12  13  -9.19273351813E-04
        43   1   2   3   4   5   7   8  10  13  14  -7.17826781088E-04
        44   1   2   3   4   5   7   8  11  12  14  -2.54522873145E-05
        45   1   2   3   4   5   7   8  12  13  14  -1.01793591406E-05
        46   1   2   3   4   5   7   9  10  12  14   5.08108656480E-02
        47   1   2   3   4   5   7  10  11  12  14  -1.47704453795E-03
        48   1   2   3   4   5   7  10  12  13  14  -5.90727530014E-04
        49   1   2   3   4   5   8   9  10  11  12   2.90777109673E-02
        50   1   2   3   4   5   8   9  10  11  14  -2.27057160135E-02
        51   1   2   3   4   5   8   9  10  12  13  -2.81051496345E-02
        52   1   2   3   4   5   8   9  10  13  14  -2.19462786062E-02
        53   1   2   3   4   5   8   9  11  12  14   3.21985253178E-04
        54   1   2   3   4   5   8   9  12  13  14  -3.11215822004E-04
        55   1   2   3   4   5   8  10  11  12  13   1.15505928477E-03
        56   1   2   3   4   5   8  10  11  13  14   9.01943352018E-04
        57   1   2   3   4   5   8  11  12  13  14  -1.27902796978E-05
        58   1   2   3   4   5   9  10  11  12  14  -1.86854153275E-02
        59   1   2   3   4   5   9  10  12  13  14   1.80604447975E-02
        60   1   2   3   4   5  10  11  12  13  14  -7.42244205131E-04
        61   1   2   3   4   6   7   8   9  10  11  -7.90704214710E-02
        62   1   2   3   4   6   7   8   9  10  13   6.17431866287E-02
        63   1   2   3   4   6   7   8   9  11  12   2.29853462754E-03
        64   1   2   3   4   6   7   8   9  11  14  -9.19273351813E-04
        65   1   2   3   4   6   7   8   9  12  13   1.79484122938E-03
        66   1   2   3   4   6   7   8   9  13  14   7.17826781088E-04
        67   1   2   3   4   6   7   8  10  11  13  -8.75567877571E-04
        68   1   2   3   4   6   7   8  11  12  13   2.54522873145E-05
        69   1   2   3   4   6   7   8  11  13  14   1.01793591406E-05
        70   1   2   3   4   6   7   9  10  11  12  -2.90777109673E-02
        71   1   2   3   4   6   7   9  10  11  14  -2.81051496345E-02
        72   1   2   3   4   6   7   9  10  12  13  -2.27057160135E-02
        73   1   2   3   4   6   7   9  10  13  14   2.19462786062E-02
        74   1   2   3   4   6   7   9  11  12  14   1.15505928477E-03
        75   1   2   3   4   6   7   9  12  13  14   9.01943352018E-04
        76   1   2   3   4   6   7  10  11  12  13   3.21985253178E-04
        77   1   2   3   4   6   7  10  11  13  14  -3.11215822004E-04
        78   1   2   3   4   6   7  11  12  13  14   1.27902796978E-05
        79   1   2   3   4   6   8   9  10  11  13   5.08108656480E-02
        80   1   2   3   4   6   8   9  11  12  13  -1.47704453795E-03
        81   1   2   3   4   6   8   9  11  13  14  -5.90727530014E-04
        82   1   2   3   4   6   9  10  11  12  13   1.86854153275E-02
        83   1   2   3   4   6   9  10  11  13  14  -1.80604447975E-02
        84   1   2   3   4   6   9  11  12  13  14   7.42244205131E-04
        85   1   2   3   4   7   8   9  10  11  12   1.30096813093E-02
        86   1   2   3   4   7   8   9  10  11  14  -1.01587820846E-02
        87   1   2   3   4   7   8   9  10  12  13   1.01587820846E-02
        88   1   2   3   4   7   8   9  10  13  14   7.93261963832E-03
        89   1   2   3   4   7   8   9  11  12  14   1.44059672884E-04
        90   1   2   3   4   7   8   9  12  13  14   1.12490904981E-04
        91   1   2   3   4   7   8  10  11  12  13  -1.44059672884E-04
        92   1   2   3   4   7   8  10  11  13  14  -1.12490904981E-04
        93   1   2   3   4   7   8  11  12  13  14   1.59521120141E-06
        94   1   2   3   4   7   9  10  11  12  14  -8.36005622372E-03
        95   1   2   3   4   7   9  10  12  13  14  -6.52806070899E-03
        96   1   2   3   4   7  10  11  12  13  14   9.25731335184E-05
        97   1   2   3   4   8   9  10  11  12  13   8.36005622372E-03
        98   1   2   3   4   8   9  10  11  13  14   6.52806070899E-03
        99   1   2   3   4   8   9  11  12  13  14  -9.25731335184E-05
       100   1   2   3   4   9  10  11  12  13  14   5.37219462969E-03
       101   1   2   3   5   6   7   8   9  10  12  -5.44508250201E-01
       102   1   2   3   5   6   7   8   9  10  14  -6.93995927626E-01
       103   1   2   3   5   6   7   8   9  12  14  -2.65045456479E-02
       104   1   2   3   5   6   7   8  10  11  12   1.58285619930E-02
       105   1   2   3   5   6   7   8  10  11  14   2.01740883803E-02
       106   1   2   3   5   6   7   8  10  12  13   6.33045726758E-03
       107   1   2   3   5   6   7   8  10  13  14  -8.06840219977E-03
       108   1   2   3   5   6   7   8  11  12  14  -7.70472887655E-04
       109   1   2   3   5   6   7   8  12  13  14  -3.08142059480E-04
       110   1   2   3   5   6   7   9  10  12  14   6.16706861573E-02
       111   1   2   3   5   6   7  10  11  12  14  -1.79273367967E-03
       112   1   2   3   5   6   7  10  12  13  14  -7.16983890028E-04
       113   1   2   3   5   6   8   9  10  11  12  -2.00239902913E-01
       114   1   2   3   5   6   8   9  10  11  14  -2.55213171001E-01
       115   1   2   3   5   6   8   9  10  12  13   1.93542484843E-01
       116   1   2   3   5   6   8   9  10  13  14  -2.46677063671E-01
       117   1   2   3   5   6   8   9  11  12  14   9.74690033681E-03
       118   1   2   3   5   6   8   9  12  13  14  -9.42089605151E-03
       119   1   2   3   5   6   8  10  11  12  13  -7.95416665714E-03
       120   1   2   3   5   6   8  10  11  13  14   1.01378799415E-02
       121   1   2   3   5   6   8  11  12  13  14  -3.87177922790E-04
       122   1   2   3   5   6   9  10  11  12  14  -2.26790543654E-02
       123   1   2   3   5   6   9  10  12  13  14   2.19205087094E-02
       124   1   2   3   5   6  10  11  12  13  14  -9.00884266444E-04
       125   1   2   3   5   7   8   9  10  12  14  -1.84142265016E-01
       126   1   2   3   5   7   8  10  11  12  14   5.35291661103E-03
       127   1   2   3   5   7   8  10  12  13  14   2.14083944442E-03
       128   1   2   3   5   8   9  10  11  12  14  -6.77173013547E-02
       129   1   2   3   5   8   9  10  12  13  14   6.54523627930E-02
       130   1   2   3   5   8  10  11  12  13  14  -2.68994687228E-03
       131   1   2   3   6   7   8   9  10  11  12   8.95894909073E-02
       132   1   2   3   6   7   8   9  10  11  14   1.14185123595E-01
       133   1   2   3   6   7   8   9  10  12  13   6.99571414210E-02
       134   1   2   3   6   7   8   9  10  13  14  -8.91629672032E-02
       135   1   2   3   6   7   8   9  11  12  14  -4.36086827049E-03
       136   1   2   3   6   7   8   9  12  13  14  -3.40524178927E-03
       137   1   2   3   6   7   8  10  11  12  13  -9.92048340544E-04
       138   1   2   3   6   7   8  10  11  13  14   1.26440234485E-03
       139   1   2   3   6   7   8  11  12  13  14  -4.82890580944E-05
       140   1   2   3   6   7   9  10  11  12  14   1.01468533759E-02
       141   1   2   3   6   7   9  10  12  13  14   7.92330494798E-03
       142   1   2   3   6   7  10  11  12  13  14  -1.12358815206E-04
       143   1   2   3   6   8   9  10  11  12  13   5.75704479789E-02
       144   1   2   3   6   8   9  10  11  13  14  -7.33756677409E-02
       145   1   2   3   6   8   9  11  12  13  14   2.80230568749E-03
       146   1   2   3   6   9  10  11  12  13  14  -6.52039528865E-03
       147   1   2   3   7   8   9  10  11  12  14  -3.02974505367E-02
       148   1   2   3   7   8   9  10  12  13  14  -2.36581658231E-02
       149   1   2   3   7   8  10  11  12  13  14   3.35491754929E-04
       150   1   2   3   8   9  10  11  12  13  14  -1.94692232577E-02
       151   1   2   4   5   6   7   8   9  10  11   5.44508250201E-01
       152   1   2   4   5   6   7   8   9  10  13   6.93995927626E-01
       153   1   2   4   5   6   7   8   9  11  12  -1.58285619930E-02
       154   1   2   4   5   6   7   8   9  11  14   6.33045726758E-03
       155   1   2   4   5   6   7   8   9  12  13   2.01740883803E-02
       156   1   2   4   5   6   7   8   9  13  14   8.06840219977E-03
       157   1   2   4   5   6   7   8  10  11  13  -2.65045456479E-02
       158   1   2   4   5   6   7   8  11  12  13   7.70472887655E-04
       159   1   2   4   5   6   7   8  11  13  14   3.08142059480E-04
       160   1   2   4   5   6   7   9  10  11  12   2.00239902913E-01
       161   1   2   4   5   6   7   9  10  11  14   1.93542484843E-01
       162   1   2   4   5   6   7   9  10  12  13  -2.55213171001E-01
       163   1   2   4   5   6   7   9  10  13  14   2.46677063671E-01
       164   1   2   4   5   6   7   9  11  12  14  -7.95416665714E-03
       165   1   2   4   5   6   7   9  12  13  14   1.01378799415E-02
       166   1   2   4   5   6   7  10  11  12  13   9.74690033681E-03
       167   1   2   4   5   6   7  10  11  13  14  -9.42089605151E-03
       168   1   2   4   5   6   7  11  12  13  14   3.87177922790E-04
       169   1   2   4   5   6   8   9  10  11  13   6.16706861573E-02
       170   1   2   4   5   6   8   9  11  12  13  -1.79273367967E-03
       171   1   2   4   5   6   8   9  11  13  14  -7.16983890028E-04
       172   1   2   4   5   6   9  10  11  12  13   2.26790543654E-02
       173   1   2   4   5   6   9  10  11  13  14  -2.19205087094E-02
       174   1   2   4   5   6   9  11  12  13  14   9.00884266444E-04
       175   1   2   4   5   7   8   9  10  11  12  -8.95894909073E-02
       176   1   2   4   5   7   8   9  10  11  14   6.99571414210E-02
       177   1   2   4   5   7   8   9  10  12  13   1.14185123595E-01
       178   1   2   4   5   7   8   9  10  13  14   8.91629672032E-02
       179   1   2   4   5   7   8   9  11  12  14  -9.92048340544E-04
       180   1   2   4   5   7   8   9  12  13  14   1.26440234485E-03
       181   1   2   4   5   7   8  10  11  12  13  -4.36086827049E-03
       182   1   2   4   5   7   8  10  11  13  14  -3.40524178927E-03
       183   1   2   4   5   7   8  11  12  13  14   4.82890580944E-05
       184   1   2   4   5   7   9  10  11  12  14   5.75704479789E-02
       185   1   2   4   5   7   9  10  12  13  14  -7.33756677409E-02
       186   1   2   4   5   7  10  11  12  13  14   2.80230568749E-03
       187   1   2   4   5   8   9  10  11  12  13   1.01468533759E-02
       188   1   2   4   5   8   9  10  11  13  14   7.92330494798E-03
       189   1   2   4   5   8   9  11  12  13  14  -1.12358815206E-04
       190   1   2   4   5   9  10  11  12  13  14   6.52039528865E-03
       191   1   2   4   6   7   8   9  10  11  13  -1.84142265016E-01
       192   1   2   4   6   7   8   9  11  12  13   5.35291661103E-03
       193   1   2   4   6   7   8   9  11  13  14   2.14083944442E-03
       194   1   2   4   6   7   9  10  11  12  13  -6.77173013547E-02
       195   1   2   4   6   7   9  10  11  13  14   6.54523627930E-02
       196   1   2   4   6   7   9  11  12  13  14  -2.68994687228E-03
       197   1   2   4   7   8   9  10  11  12  13   3.02974505367E-02
       198   1   2   4   7   8   9  10  11  13  14   2.36581658231E-02
       199   1   2   4   7   8   9  11  12  13  14  -3.35491754929E-04
       200   1   2   4   7   9  10  11  12  13  14   1.94692232577E-02
       201   1   2   5   6   7   8   9  10  11  12   6.16946463959E-01
       202   1   2   5   6   7   8   9  10  11  14   7.86321113396E-01
       203   1   2   5   6   7   8   9  10  12  13  -7.86321113396E-01
       204   1   2   5   6   7   8   9  10  13  14   1.00219537592E+00
       205   1   2   5   6   7   8   9  11  12  14  -3.00305563970E-02
       206   1   2   5   6   7   8   9  12  13  14   3.82750561377E-02
       207   1   2   5   6   7   8  10  11  12  13   3.00305563970E-02
       208   1   2   5   6   7   8  10  11  13  14  -3.82750561377E-02
       209   1   2   5   6   7   8  11  12  13  14   1.46177078596E-03
       210   1   2   5   6   7   9  10  11  12  14   6.98749959081E-02
       211   1   2   5   6   7   9  10  12  13  14  -8.90582697052E-02
       212   1   2   5   6   7  10  11  12  13  14   3.40124326492E-03
       213   1   2   5   6   8   9  10  11  12  13  -6.98749959081E-02
       214   1   2   5   6   8   9  10  11  13  14   8.90582697052E-02
       215   1   2   5   6   8   9  11  12  13  14  -3.40124326492E-03
       216   1   2   5   6   9  10  11  12  13  14   7.91400119520E-03
       217   1   2   5   7   8   9  10  11  12  14  -2.08639482001E-01
       218   1   2   5   7   8   9  10  12  13  14   2.65918745579E-01
       219   1   2   5   7   8  10  11  12  13  14  -1.01557592059E-02
       220   1   2   5   8   9  10  11  12  13  14   2.36303857834E-02
       221   1   2   6   7   8   9  10  11  12  13   2.08639482001E-01
       222   1   2   6   7   8   9  10  11  13  14  -2.65918745579E-01
       223   1   2   6   7   8   9  11  12  13  14   1.01557592059E-02
       224   1   2   6   7   9  10  11  12  13  14  -2.36303857834E-02
       225   1   2   7   8   9  10  11  12  13  14   7.05578781833E-02
       226   1   3   4   5   6   7   8   9  10  12   6.92475683184E-01
       227   1   3   4   5   6   7   8   9  10  14   4.33643008002E-01
       228   1   3   4   5   6   7   8   9  12  14   2.06564968522E-02
       229   1   3   4   5   6   7   8  10  11  12  -2.01298956919E-02
       230   1   3   4   5   6   7   8  10  11  14  -1.26057690264E-02
       231   1   3   4   5   6   7   8  10  12  13  -8.05072782574E-03
       232   1   3   4   5   6   7   8  10  13  14   5.04153707594E-03
       233   1   3   4   5   6   7   8  11  12  14   6.00473254285E-04
       234   1   3   4   5   6   7   8  12  13  14   2.40152597453E-04
       235   1   3   4   5   6   7   9  10  12  14   8.66668789287E-02
       236   1   3   4   5   6   7  10  11  12  14  -2.51935956041E-03
       237   1   3   4   5   6   7  10  12  13  14  -1.00758982691E-03
       238   1   3   4   5   6   8   9  10  11  12   2.54654109500E-01
       239   1   3   4   5   6   8   9  10  11  14   1.59469822155E-01
       240   1   3   4   5   6   8   9  10  12  13  -2.46136701083E-01
       241   1   3   4   5   6   8   9  10  13  14   1.54136039762E-01
       242   1   3   4   5   6   8   9  11  12  14  -7.59631267785E-03
       243   1   3   4   5   6   8   9  12  13  14   7.34223903394E-03
       244   1   3   4   5   6   8  10  11  12  13   1.01156722383E-02
       245   1   3   4   5   6   8  10  11  13  14  -6.33464920703E-03
       246   1   3   4   5   6   8  11  12  13  14   3.01749731899E-04
       247   1   3   4   5   6   9  10  11  12  14  -3.18712662591E-02
       248   1   3   4   5   6   9  10  12  13  14   3.08052689657E-02
       249   1   3   4   5   6  10  11  12  13  14  -1.26602819773E-03
       250   1   3   4   5   7   8   9  10  12  14   1.60316167091E-01
       251   1   3   4   5   7   8  10  11  12  14  -4.66030475819E-03
       252   1   3   4   5   7   8  10  12  13  14  -1.86383703956E-03
       253   1   3   4   5   8   9  10  11  12  14   5.89553853808E-02
       254   1   3   4   5   8   9  10  12  13  14  -5.69835063617E-02
       255   1   3   4   5   8  10  11  12  13  14   2.34189566532E-03
       256   1   3   4   6   7   8   9  10  11  12  -1.13934993454E-01
       257   1   3   4   6   7   8   9  10  11  14  -7.13485173238E-02
       258   1   3   4   6   7   8   9  10  12  13  -8.89676497670E-02
       259   1   3   4   6   7   8   9  10  13  14   5.57134354270E-02
       260   1   3   4   6   7   8   9  11  12  14   3.39867217114E-03
       261   1   3   4   6   7   8   9  12  13  14   2.65389821186E-03
       262   1   3   4   6   7   8  10  11  12  13   1.26163258705E-03
       263   1   3   4   6   7   8  10  11  13  14  -7.90061172294E-04
       264   1   3   4   6   7   8  11  12  13  14   3.76344039160E-05
       265   1   3   4   6   7   9  10  11  12  14   1.42595480580E-02
       266   1   3   4   6   7   9  10  12  13  14   1.11347571015E-02
       267   1   3   4   6   7  10  11  12  13  14  -1.57899780930E-04
       268   1   3   4   6   8   9  10  11  12  13  -7.32149334389E-02
       269   1   3   4   6   8   9  10  11  13  14   4.58487492603E-02
       270   1   3   4   6   8   9  11  12  13  14  -2.18399588439E-03
       271   1   3   4   6   9  10  11  12  13  14  -9.16322396036E-03
       272   1   3   4   7   8   9  10  11  12  14   2.63772748872E-02
       273   1   3   4   7   8   9  10  12  13  14   2.05970447080E-02
       274   1   3   4   7   8  10  11  12  13  14  -2.92082603829E-04
       275   1   3   4   8   9  10  11  12  13  14   1.69501078345E-02
       276   1   3   5   6   7   8   9  10  12  14   5.08667645882E-01
       277   1   3   5   6   7   8  10  11  12  14  -1.47866949008E-02
       278   1   3   5   6   7   8  10  12  13  14  -5.91377411540E-03
       279   1   3   5   6   8   9  10  11  12  14   1.87059718542E-01
       280   1   3   5   6   8   9  10  12  13  14  -1.80803137707E-01
       281   1   3   5   6   8  10  11  12  13  14   7.43060775837E-03
       282   1   3   6   7   8   9  10  11  12  14  -8.36925343533E-02
       283   1   3   6   7   8   9  10  12  13  14  -6.53524247358E-02
       284   1   3   6   7   8  10  11  12  13  14   9.26749766968E-04
       285   1   3   6   8   9  10  11  12  13  14  -5.37810478262E-02
       286   1   4   5   6   7   8   9  10  11  12   7.84598624467E-01
       287   1   4   5   6   7   8   9  10  11  14   4.91332354118E-01
       288   1   4   5   6   7   8   9  10  12  13  -1.00000000000E+00
       289   1   4   5   6   7   8   9  10  13  14   6.26221279004E-01
       290   1   4   5   6   7   8   9  11  12  14  -2.34045171694E-02
       291   1   4   5   6   7   8   9  12  13  14   2.98299237847E-02
       292   1   4   5   6   7   8  10  11  12  13   3.81912120703E-02
       293   1   4   5   6   7   8  10  11  13  14  -2.39161496693E-02
       294   1   4   5   6   7   8  11  12  13  14   1.13924094530E-03
       295   1   4   5   6   7   9  10  11  12  14  -9.81965369262E-02
       296   1   4   5   6   7   9  10  12  13  14   1.25155122459E-01
       297   1   4   5   6   7  10  11  12  13  14  -4.77982582350E-03
       298   1   4   5   6   8   9  10  11  12  13  -8.88631816158E-02
       299   1   4   5   6   8   9  10  11  13  14   5.56480152478E-02
       300   1   4   5   6   8   9  11  12  13  14  -2.65078193487E-03
       301   1   4   5   6   9  10  11  12  13  14  -1.11216823772E-02
       302   1   4   5   7   8   9  10  11  12  14  -1.81643698449E-01
       303   1   4   5   7   8   9  10  12  13  14   2.31511619807E-01
       304   1   4   5   7   8  10  11  12  13  14  -8.84170936877E-03
       305   1   4   5   8   9  10  11  12  13  14   2.05728591171E-02
       306   1   4   6   7   8   9  10  11  12  13   2.65336232802E-01
       307   1   4   6   7   8   9  10  11  13  14  -1.66159195071E-01
       308   1   4   6   7   8   9  11  12  13  14   7.91495960181E-03
       309   1   4   6   7   9  10  11  12  13  14   3.32081887091E-02
       310   1   4   7   8   9  10  11  12  13  14   6.14284210494E-02
       311   1   5   6   7   8   9  10  11  12  14  -5.76337833893E-01
       312   1   5   6   7   8   9  10  12  13  14   7.34563910668E-01
       313   1   5   6   7   8  10  11  12  13  14  -2.80538860915E-02
       314   1   5   6   8   9  10  11  12  13  14   6.52756862021E-02
       315   1   6   7   8   9  10  11  12  13  14  -1.94906420809E-01
       316   2   3   4   5   6   7   8   9  10  11  -6.92475683184E-01
       317   2   3   4   5   6   7   8   9  10  13  -4.33643008002E-01
       318   2   3   4   5   6   7   8   9  11  12   2.01298956919E-02
       319   2   3   4   5   6   7   8   9  11  14  -8.05072782574E-03
       320   2   3   4   5   6   7   8   9  12  13  -1.26057690264E-02
       321   2   3   4   5   6   7   8   9  13  14  -5.04153707594E-03
       322   2   3   4   5   6   7   8  10  11  13   2.06564968522E-02
       323   2   3   4   5   6   7   8  11  12  13  -6.00473254285E-04
       324   2   3   4   5   6   7   8  11  13  14  -2.40152597453E-04
       325   2   3   4   5   6   7   9  10  11  12  -2.54654109500E-01
       326   2   3   4   5   6   7   9  10  11  14  -2.46136701083E-01
       327   2   3   4   5   6   7   9  10  12  13   1.59469822155E-01
       328   2   3   4   5   6   7   9  10  13  14  -1.54136039762E-01
       329   2   3   4   5   6   7   9  11  12  14   1.01156722383E-02
       330   2   3   4   5   6   7   9  12  13  14  -6.33464920703E-03
       331   2   3   4   5   6   7  10  11  12  13  -7.59631267785E-03
       332   2   3   4   5   6   7  10  11  13  14   7.34223903394E-03
       333   2   3   4   5   6   7  11  12  13  14  -3.01749731899E-04
       334   2   3   4   5   6   8   9  10  11  13   8.66668789287E-02
       335   2   3   4   5   6   8   9  11  12  13  -2.51935956041E-03
       336   2   3   4   5   6   8   9  11  13  14  -1.00758982691E-03
       337   2   3   4   5   6   9  10  11  12  13   3.18712662591E-02
       338   2   3   4   5   6   9  10  11  13  14  -3.08052689657E-02
       339   2   3   4   5   6   9  11  12  13  14   1.26602819773E-03
       340   2   3   4   5   7   8   9  10  11  12   1.13934993454E-01
       341   2   3   4   5   7   8   9  10  11  14  -8.89676497670E-02
       342   2   3   4   5   7   8   9  10  12  13  -7.13485173238E-02
       343   2   3   4   5   7   8   9  10  13  14  -5.57134354270E-02
       344   2   3   4   5   7   8   9  11  12  14   1.26163258705E-03
       345   2   3   4   5   7   8   9  12  13  14  -7.90061172294E-04
       346   2   3   4   5   7   8  10  11  12  13   3.39867217114E-03
       347   2   3   4   5   7   8  10  11  13  14   2.65389821186E-03
       348   2   3   4   5   7   8  11  12  13  14  -3.76344039160E-05
       349   2   3   4   5   7   9  10  11  12  14  -7.32149334389E-02
       350   2   3   4   5   7   9  10  12  13  14   4.58487492603E-02
       351   2   3   4   5   7  10  11  12  13  14  -2.18399588439E-03
       352   2   3   4   5   8   9  10  11  12  13   1.42595480580E-02
       353   2   3   4   5   8   9  10  11  13  14   1.11347571015E-02
       354   2   3   4   5   8   9  11  12  13  14  -1.57899780930E-04
       355   2   3   4   5   9  10  11  12  13  14   9.16322396036E-03
       356   2   3   4   6   7   8   9  10  11  13   1.60316167091E-01
       357   2   3   4   6   7   8   9  11  12  13  -4.66030475819E-03
       358   2   3   4   6   7   8   9  11  13  14  -1.86383703956E-03
       359   2   3   4   6   7   9  10  11  12  13   5.89553853808E-02
       360   2   3   4   6   7   9  10  11  13  14  -5.69835063617E-02
       361   2   3   4   6   7   9  11  12  13  14   2.34189566532E-03
       362   2   3   4   7   8   9  10  11  12  13  -2.63772748872E-02
       363   2   3   4   7   8   9  10  11  13  14  -2.05970447080E-02
       364   2   3   4   7   8   9  11  12  13  14   2.92082603829E-04
       365   2   3   4   7   9  10  11  12  13  14  -1.69501078345E-02
       366   2   3   5   6   7   8   9  10  11  12  -7.84598624467E-01
       367   2   3   5   6   7   8   9  10  11  14  -1.00000000000E+00
       368   2   3   5   6   7   8   9  10  12  13   4.91332354118E-01
       369   2   3   5   6   7   8   9  10  13  14  -6.26221279004E-01
       370   2   3   5   6   7   8   9  11  12  14   3.81912120703E-02
       371   2   3   5   6   7   8   9  12  13  14  -2.39161496693E-02
       372   2   3   5   6   7   8  10  11  12  13  -2.34045171694E-02
       373   2   3   5   6   7   8  10  11  13  14   2.98299237847E-02
       374   2   3   5   6   7   8  11  12  13  14  -1.13924094530E-03
       375   2   3   5   6   7   9  10  11  12  14  -8.88631816158E-02
       376   2   3   5   6   7   9  10  12  13  14   5.56480152478E-02
       377   2   3   5   6   7  10  11  12  13  14  -2.65078193487E-03
       378   2   3   5   6   8   9  10  11  12  13  -9.81965369262E-02
       379   2   3   5   6   8   9  10  11  13  14   1.25155122459E-01
       380   2   3   5   6   8   9  11  12  13  14  -4.77982582350E-03
       381   2   3   5   6   9  10  11  12  13  14   1.11216823772E-02
       382   2   3   5   7   8   9  10  11  12  14   2.65336232802E-01
       383   2   3   5   7   8   9  10  12  13  14  -1.66159195071E-01
       384   2   3   5   7   8  10  11  12  13  14   7.91495960181E-03
       385   2   3   5   8   9  10  11  12  13  14   3.32081887091E-02
       386   2   3   6   7   8   9  10  11  12  13  -1.81643698449E-01
       387   2   3   6   7   8   9  10  11  13  14   2.31511619807E-01
       388   2   3   6   7   8   9  11  12  13  14  -8.84170936877E-03
       389   2   3   6   7   9  10  11  12  13  14   2.05728591171E-02
       390   2   3   7   8   9  10  11  12  13  14  -6.14284210494E-02
       391   2   4   5   6   7   8   9  10  11  13   5.08667645882E-01
       392   2   4   5   6   7   8   9  11  12  13  -1.47866949008E-02
       393   2   4   5   6   7   8   9  11  13  14  -5.91377411540E-03
       394   2   4   5   6   7   9  10  11  12  13   1.87059718542E-01
       395   2   4   5   6   7   9  10  11  13  14  -1.80803137707E-01
       396   2   4   5   6   7   9  11  12  13  14   7.43060775837E-03
       397   2   4   5   7   8   9  10  11  12  13  -8.36925343533E-02
       398   2   4   5   7   8   9  10  11  13  14  -6.53524247358E-02
       399   2   4   5   7   8   9  11  12  13  14   9.26749766968E-04
       400   2   4   5   7   9  10  11  12  13  14  -5.37810478262E-02
       401   2   5   6   7   8   9  10  11  12  13   5.76337833893E-01
       402   2   5   6   7   8   9  10  11  13  14  -7.34563910668E-01
       403   2   5   6   7   8   9  11  12  13  14   2.80538860915E-02
       404   2   5   6   7   9  10  11  12  13  14  -6.52756862021E-02
       405   2   5   7   8   9  10  11  12  13  14   1.94906420809E-01
       406   3   4   5   6   7   8   9  10  11  12   9.97809433195E-01
       407   3   4   5   6   7   8   9  10  11  14   6.24849499457E-01
       408   3   4   5   6   7   8   9  10  12  13  -6.24849499457E-01
       409   3   4   5   6   7   8   9  10  13  14   3.91294052735E-01
       410   3   4   5   6   7   8   9  11  12  14  -2.97645793439E-02
       411   3   4   5   6   7   8   9  12  13  14   1.86392129457E-02
       412   3   4   5   6   7   8  10  11  12  13   2.97645793439E-02
       413   3   4   5   6   7   8  10  11  13  14  -1.86392129457E-02
       414   3   4   5   6   7   8  11  12  13  14   8.87875133313E-04
       415   3   4   5   6   7   9  10  11  12  14  -1.24880961802E-01
       416   3   4   5   6   7   9  10  12  13  14   7.82031156229E-02
       417   3   4   5   6   7  10  11  12  13  14  -3.72518957272E-03
       418   3   4   5   6   8   9  10  11  12  13   1.24880961802E-01
       419   3   4   5   6   8   9  10  11  13  14  -7.82031156229E-02
       420   3   4   5   6   8   9  11  12  13  14   3.72518957272E-03
       421   3   4   5   6   9  10  11  12  13  14   1.56294920671E-02
       422   3   4   5   7   8   9  10  11  12  14  -2.31004478138E-01
       423   3   4   5   7   8   9  10  12  13  14   1.44659919755E-01
       424   3   4   5   7   8  10  11  12  13  14  -6.89084597677E-03
       425   3   4   5   8   9  10  11  12  13  14  -2.89113937498E-02
       426   3   4   6   7   8   9  10  11  12  13   2.31004478138E-01
       427   3   4   6   7   8   9  10  11  13  14  -1.44659919755E-01
       428   3   4   6   7   8   9  11  12  13  14   6.89084597677E-03
       429   3   4   6   7   9  10  11  12  13  14   2.89113937498E-02
       430   3   4   7   8   9  10  11  12  13  14   5.34802209163E-02
       431   3   5   6   7   8   9  10  11  12  14  -7.32954799349E-01
       432   3   5   6   7   8   9  10  12  13  14   4.58991891900E-01
       433   3   5   6   7   8  10  11  12  13  14  -2.18639858022E-02
       434   3   5   6   8   9  10  11  12  13  14  -9.17330476693E-02
       435   3   6   7   8   9  10  11  12  13  14  -1.69687552843E-01
       436   4   5   6   7   8   9  10  11  12  13   7.32954799349E-01
       437   4   5   6   7   8   9  10  11  13  14  -4.58991891900E-01
       438   4   5   6   7   8   9  11  12  13  14   2.18639858022E-02
       439   4   5   6   7   9  10  11  12  13  14   9.17330476693E-02
       440   4   5   7   8   9  10  11  12  13  14   1.69687552843E-01
       441   5   6   7   8   9  10  11  12  13  14   5.38402143753E-01
