# No.Blocks      Mean       Error        Error_in_Error
        2220 -0.68352570373873878        4.3700247367682085E-006   6.5597946815435024E-008
        1110 -0.68352570373873933        5.6785178216974529E-006   1.2057415367115249E-007
         555 -0.68352570373873911        6.7786394489126566E-006   2.0364448559870391E-007
         277 -0.68352610401624603        6.9351187799064357E-006   2.9517825764914991E-007
         138 -0.68352633020833320        7.3890865158702328E-006   4.4639104137653090E-007
          69 -0.68352633020833342        6.5721434863777984E-006   5.6355665463367380E-007
          34 -0.68352695505514705        7.1680338434435597E-006   8.8232397317978458E-007
          17 -0.68352695505514705        6.2942218802262327E-006   1.1126717434501775E-006
           8 -0.68352678725585936        6.9776789098687455E-006   1.8648631311176526E-006
           4 -0.68352678725585936        3.6949987911229965E-006   1.5084769397420040E-006
           2 -0.68352678725585936        1.7706476329733561E-006   1.2520369483673692E-006
