# No.Blocks      Mean       Error        Error_in_Error
        2220  -14723.553297244109       0.22893708998402607        3.4365487514285359E-003
        1110  -14723.553297244105       0.32159012568990702        6.8284468679309564E-003
         555  -14723.553297244103       0.44898330472993842        1.3488396133652004E-002
         277  -14723.572386844853       0.62154081309588749        2.6454533814048848E-002
         138  -14723.599735920829       0.84681335966028992        5.1157865949793435E-002
          69  -14723.599735920840        1.1117895065636603        9.5335163675977885E-002
          34  -14723.638749658223        1.4728188758732605       0.18129147137374441     
          17  -14723.638749658225        1.9076293463823899       0.33722441170436229     
           8  -14723.381622006102        2.4916977058148659       0.66593422332641972     
           4  -14723.381622006102        2.5350013280030841        1.0349099584808816     
           2  -14723.381622006102        2.5189640329384932        1.7811765492558223     
