# Block_length   Mean       Error        Error_in_Error
        2220 -0.68369275869906965        7.8709541663513625E-006   1.1815000232078309E-007
        1110 -0.68369275869906798        1.0970420462987373E-005   2.3293915846969939E-007
         555 -0.68369275869906798        1.5070116804724270E-005   4.5273778134087641E-007
         277 -0.68369226478365608        2.0364099884035979E-005   8.6675365096545515E-007
         138 -0.68369163459205629        2.6309063462469283E-005   1.5893886492503416E-006
          69 -0.68369163459205617        3.2369244079018073E-005   2.7756397808420656E-006
          34 -0.68368834465000439        4.0435638834238230E-005   4.9772830728081907E-006
          17 -0.68368834465000450        5.1126484208394637E-005   9.0379709204956948E-006
           8 -0.68369400240595679        7.0319326674888030E-005   1.8793630577576047E-005
           4 -0.68369400240595679        8.7634060129787740E-005   3.5776455234393223E-005
           2 -0.68369400240595679        1.0350652122846578E-004   7.3190163057677477E-005
