# No.Blocks      Mean       Error        Error_in_Error
        2220   10066.386771645608        8.4714938722243754E-002   1.2716463588909289E-003
        1110   10066.386771645581       0.11892943056995951        2.5252743564126781E-003
         555   10066.386771645579       0.16577324934815002        4.9801746123176458E-003
         277   10066.392550868059       0.22955900821893990        9.7706802470436914E-003
         138   10066.401970530880       0.31356553021481559        1.8943186450956124E-002
          69   10066.401970530886       0.42369914863733810        3.6331902258694516E-002
          34   10066.380203978491       0.56734564511627961        6.9835421357994240E-002
          17   10066.380203978493       0.73068847153505190       0.12916869328931718     
           8   10066.287710099659        1.0024878920481113       0.26792615903094663     
           4   10066.287710099659       0.99056043196300436       0.40439460295004226     
           2   10066.287710099659        1.1741358067819847       0.83023939100947919     
