# No.Blocks      Mean       Error        Error_in_Error
        2257  -1.1893985485157319        1.2679614666060162E-005   1.8876501635805770E-007
        1128  -1.1893984117907803        1.6494627905624615E-005   3.4742860063606387E-007
         564  -1.1893984117907792        1.9366328395080810E-005   5.7713590900711135E-007
         282  -1.1893984117907808        2.0788864350365775E-005   8.7692531543882887E-007
         141  -1.1893984117907808        2.1583149500142348E-005   1.2898398881055725E-006
          70  -1.1893991084821427        2.1117810979459136E-005   1.7976674511593395E-006
          35  -1.1893991084821434        2.2880396693253205E-005   2.7746556565387061E-006
          17  -1.1893936272977941        2.6619219149167628E-005   4.7056575925668074E-006
           8  -1.1893976396484374        2.7822258965735695E-005   7.4358114839916057E-006
           4  -1.1893976396484374        1.6060967376384339E-005   6.5568624746047823E-006
           2  -1.1893976396484374        1.7811523893395170E-005   1.2594649328285940E-005
