# Block_length   Mean       Error        Error_in_Error
        2001  -1.1901690291622160        1.1490076545289530E-004   1.8167406186396876E-006
        1000  -1.1901638175648539        1.5823793520192868E-004   3.5400782791779615E-006
         500  -1.1901638175648515        2.1303520061895950E-004   6.7435114440439876E-006
         250  -1.1901638175648510        2.7829562151903325E-004   1.2470724992585347E-005
         125  -1.1901638175648508        3.3253610808287238E-004   2.1116063979336934E-005
          62  -1.1901091566912640        3.8734266779488460E-004   3.5068357402909294E-005
          31  -1.1901091566912645        4.3015744163834105E-004   5.5533086923749453E-005
          15  -1.1901673319852306        5.5959101119038067E-004   1.0575276082263639E-004
           7  -1.1900831691281291        5.7361846973568982E-004   1.6558938895702086E-004
           3  -1.1897969344335320        1.8084331536670674E-004   9.0421657683353369E-005
