# No.Blocks      Mean       Error        Error_in_Error
        2001  -805.29780241928449        9.5937727617756582E-002   1.5169086640647530E-003
        1000  -805.30260314821919       0.13355698508788766        2.9879193085954985E-003
         500  -805.30260314822033       0.18332316697729845        5.8029934530912305E-003
         250  -805.30260314821999       0.24626568778493899        1.1035429342052434E-002
         125  -805.30260314822044       0.31215760379272811        1.9822027662875809E-002
          62  -805.34986324251736       0.39903780085813412        3.6127184999857113E-002
          31  -805.34986324251702       0.47010620680743909        6.0690450330465044E-002
          15  -805.22966689461884       0.56070854206179788       0.10596395430607977     
           7  -805.29062994531307       0.61372252876081912       0.17716643359389839     
           3  -805.72933281591020       0.14276047779418033        7.1380238897090165E-002
