# No.Blocks      Mean       Error        Error_in_Error
        2001   958.44050369182582        5.4944720409338295E-002   8.6875230947324052E-004
        1000   958.44202045779900        7.6880645680250159E-002   1.7199636959021273E-003
         500   958.44202045779844       0.10678018521387313        3.3800677019326618E-003
         250   958.44202045779764       0.14587560517007259        6.5368421726265608E-003
         125   958.44202045779798       0.19429347684302103        1.2337648117186122E-002
          62   958.45424658497711       0.25459360697987543        2.3049822145578776E-002
          31   958.45424658497711       0.31273286323804794        4.0373639037757376E-002
          15   958.35804428332449       0.36245496171946290        6.8497549297938207E-002
           7   958.36282495450553       0.43663589270739706       0.12604592509623413     
           3   958.65429016754490       0.17613692758707672        8.8068463793538360E-002
