# of blocks mean (X_5)     std.err. (X_5)  std.err.err. (X_5)  mean (X_6)     std.err. (X_6)  std.err.err. (X_6)  cov(X_5,X_6)   mean (X_5/X_6)   std.err. (X_5/X_6) 
# from 50000 to 0
2049        -35188735.9152 2.72279153e+02  4.25436176e+00       91792.8956517  7.10248985e-01  1.10976404e-02       -3.96248e+05   -383.349230519225 2.412402907017e-07 
1024        -35188732.9433 3.80770986e+02  8.41804094e+00       91792.8879003  9.93252914e-01  2.19587206e-02       -3.87279e+05   -383.349230515356 3.369171127220e-07 
512         -35188732.9433 5.25302117e+02  1.64317456e+01       91792.8879003  1.37026509e+00  4.28626627e-02       -3.68539e+05   -383.349230515356 4.648930405866e-07 
256         -35188732.9433 7.14573723e+02  3.16418563e+01       91792.8879003  1.86398100e+00  8.25384662e-02       -3.40980e+05   -383.349230515356 6.248641082178e-07 
128         -35188732.9433 9.62885945e+02  6.04168376e+01       91792.8879003  2.51170186e+00  1.57598191e-01       -3.09566e+05   -383.349230515357 8.217802883977e-07 
64          -35188732.9433 1.22879536e+03  1.09469792e+02       91792.8879003  3.20532011e+00  2.85552611e-01       -2.52076e+05   -383.349230515356 1.026250252060e-06 
32          -35188732.9433 1.59025800e+03  2.01962968e+02       91792.8879003  4.14821503e+00  5.26823835e-01       -2.11095e+05   -383.349230515356 1.203245134304e-06 
16          -35188732.9433 1.69709143e+03  3.09845086e+02       91792.8879003  4.42692281e+00  8.08241827e-01       -1.20206e+05   -383.349230515356 1.081130584634e-06 
8           -35188732.9433 1.48674533e+03  3.97349404e+02       91792.8879003  3.87822320e+00  1.03649875e+00       -4.61274e+04   -383.349230515356 1.276201246266e-06 
4           -35188732.9433 1.28641427e+03  5.25176428e+02       91792.8879003  3.35576917e+00  1.36998703e+00       -1.72676e+04   -383.349230515356 1.461388553428e-06 
2           -35188732.9433 5.85959124e+02  4.14335670e+02       91792.8879003  1.52796727e+00  1.08043602e+00       -1.79065e+03   -383.349230515356 2.331837571847e-06 
