# of blocks mean (X_1)     std.err. (X_1)  std.err.err. (X_1)  
# from 50000 to 0
2049        -1.18857740215 1.34106603e-05  2.09541568e-07       
1024        -1.18857760107 1.75585475e-05  3.88182339e-07       
512         -1.18857760107 2.03883132e-05  6.37757903e-07       
256         -1.18857760107 2.23800094e-05  9.91003472e-07       
128         -1.18857760107 2.34267637e-05  1.46992589e-06       
64          -1.18857760107 2.47062914e-05  2.20101137e-06       
32          -1.18857760107 3.05499764e-05  3.87985088e-06       
16          -1.18857760107 3.13565227e-05  5.72489160e-06       
8           -1.18857760107 3.55713923e-05  9.50685447e-06       
4           -1.18857760107 4.15234664e-05  1.69518842e-05       
2           -1.18857760107 2.55419922e-06  1.80609159e-06       
