# No.Blocks      Mean       Error        Error_in_Error
        2278   132101.78960683109        1.5927726270811262        2.3602459999869405E-002
        1139   132101.78960683107        2.1201672046807918        4.4441016456364404E-002
         569   132101.80400666961        2.7300947986182815        8.1000660803265456E-002
         284   132101.86117130457        3.2946331759178094       0.13848376162195028     
         142   132101.86117130457        3.8886468329955743       0.23156554907175317     
          71   132101.86117130463        4.3336091696653183       0.36625682280731575     
          35   132101.43989139597        4.2585051038689281       0.51641959854363229     
          17   132100.36901230196        4.2455440288213087       0.75051324315140056     
           8   132099.78241784815        5.2211528808691590        1.3954118031557239     
           4   132099.78241784812        6.0246702933005123        2.4595613478483545     
           2   132099.78241784812        3.4272723480605860        2.4234475182867814     
