# Block_length   Mean       Error        Error_in_Error
        2278  -4.6317924278108036        9.4218925808471293E-005   1.3961807164531590E-006
        1139  -4.6317924278108045        1.2228978375887107E-004   2.5633272132852693E-006
         569  -4.6317870639089991        1.4915649676159844E-004   4.4254048639278979E-006
         284  -4.6317909690422105        1.7196350566338185E-004   7.2281652780141718E-006
         142  -4.6317909690422123        1.8447873306115205E-004   1.0985548687757544E-005
          71  -4.6317909690422132        1.6938344484197394E-004   1.4315513908876728E-005
          35  -4.6317674963897844        1.8581020128662269E-004   2.2532796653588936E-005
          17  -4.6317572841024690        2.0027598799321079E-004   3.5404127304708728E-005
           8  -4.6316814421845569        2.6136122757928641E-004   6.9851726270595875E-005
           4  -4.6316814421845560        3.3585430242175334E-004   1.3711194480861406E-004
           2  -4.6316814421845551        2.2282773899620886E-004   1.5756300528068536E-004
