# No.Blocks      Mean       Error        Error_in_Error
        2278  -4.6175081281826156        2.5545015361381563E-005   3.7853814977217621E-007
        1139  -4.6175081281826147        3.3420740172821839E-005   7.0053515624861799E-007
         569  -4.6175096876098429        4.0301277399001419E-005   1.1957204204729341E-006
         284  -4.6175108199823969        4.1478094816442666E-005   1.7434543660517649E-006
         142  -4.6175108199823933        4.1801989470631869E-005   2.4892722481053169E-006
          71  -4.6175108199823942        4.1921913515362443E-005   3.5430483573869473E-006
          35  -4.6175059924107149        4.2152967932661735E-005   5.1117982123423070E-006
          17  -4.6175138556985287        4.6655905071743923E-005   8.2476767146564902E-006
           8  -4.6175106044921872        6.1285069271008370E-005   1.6379123724058654E-005
           4  -4.6175106044921872        7.6353183005082136E-005   3.1171056433299267E-005
           2  -4.6175106044921872        9.5995120378801957E-005   6.7878800580669794E-005
