# No.Blocks      Mean       Error        Error_in_Error
        2278  -28520.662716586467       0.66675294153106124        9.8802612279452421E-003
        1139  -28520.662716586452       0.89076235593144637        1.8671350274290927E-002
         569  -28520.698854230621        1.1463673181956584        3.4012192669687101E-002
         284  -28520.687149796264        1.3859566471998901        5.8256103092787864E-002
         142  -28520.687149796257        1.5300829157074995        9.1115111687366593E-002
          71  -28520.687149796264        1.5780763412983689       0.13337179341347272     
          35  -28520.740731127371        1.5774813726944255       0.19129771535480750     
          17  -28520.572411190165        1.6118127806944260       0.28493093680804354     
           8  -28520.912775802342        2.2518640067951106       0.60183597107394937     
           4  -28520.912775802342        2.6288213792880266        1.0732118340291914     
           2  -28520.912775802346       0.84330791525799143       0.59630874550721602     
