# Block_length   Mean       Error        Error_in_Error
        1964 -0.68396189374313876        9.0716702972123868E-006   1.4478117940064321E-007
         982 -0.68396189374314009        1.2650392568465241E-005   2.8559756562061286E-007
         491 -0.68396189374313976        1.7395187647489014E-005   5.5566888658785826E-007
         245 -0.68396178600190327        2.3411003546920773E-005   1.0597663358622598E-006
         122 -0.68396151227322277        3.0692468689172708E-005   1.9729866128608918E-006
          61 -0.68396151227322310        3.9533789592093649E-005   3.6089247238754419E-006
          30 -0.68395360490612833        4.6118912063038031E-005   6.0557098303687513E-006
          15 -0.68395360490612800        5.0036469090505148E-005   9.4560038355176331E-006
           7 -0.68394470076909630        5.8099512379703580E-005   1.6771884556103931E-005
           3 -0.68395696396189409        1.0216187587443010E-004   5.1080937937215050E-005
