# No.Blocks      Mean       Error        Error_in_Error
        2220 -0.68349891581081157        4.3796197149509712E-006   6.5741975947177106E-008
        1110 -0.68349891581081113        5.7219234528741881E-006   1.2149580213788787E-007
         555 -0.68349891581081146        6.7817544150995013E-006   2.0373806568827175E-007
         277 -0.68349830482851992        7.1245894104470156E-006   3.0324266323088221E-007
         138 -0.68349871213768099        6.9465134393785344E-006   4.1965422403435677E-007
          69 -0.68349871213768132        6.8503767289770423E-006   5.8741495835636521E-007
          34 -0.68349849168198529        7.8381832556108392E-006   9.6481366350237839E-007
          17 -0.68349849168198529        7.9144365001110001E-006   1.3990879296247033E-006
           8 -0.68349973359374994        8.9390559668150433E-006   2.3890631992156560E-006
           4 -0.68349973359375005        6.1998590008412325E-006   2.5310818382104273E-006
           2 -0.68349973359375005        2.0287884262919842E-006   1.4345700538238462E-006
