# No.Blocks      Mean       Error        Error_in_Error
        1964   10039.014914540208        8.1054428476715137E-002   1.2936047459870723E-003
         982   10039.014914540219       0.11359162379773814        2.5644651781318059E-003
         491   10039.014914540221       0.15791150141445087        5.0442978798823758E-003
         245   10039.013149893268       0.21785821464404187        9.8619779971447323E-003
         122   10039.014643581300       0.29616046112761357        1.9037915489333680E-002
          61   10039.014643581302       0.39157570246657036        3.5745807535311987E-002
          30   10038.971250825625       0.50730908879921632        6.6612946807541318E-002
          15   10038.971250825623       0.55565544781520282       0.10500900925408964     
           7   10038.922616088728       0.75707257554502760       0.21854802764350251     
           3   10039.167197769337        1.1119560168488603       0.55597800842443013     
