# No.Blocks      Mean       Error        Error_in_Error
        1964  -14677.740099816658       0.25013257691040230        3.9920420722012358E-003
         982  -14677.740099816647       0.35149090517201514        7.9353226638319268E-003
         491  -14677.740099816656       0.49070808068447302        1.5675094650270473E-002
         245  -14677.739831893667       0.67836746784625268        3.0708252396217342E-002
         122  -14677.747889958762       0.92221696238957174        5.9282351620993226E-002
          61  -14677.747889958759        1.2260384509155846       0.11192148598919267     
          30  -14677.854139248904        1.5119913393279656       0.19853418928194949     
          15  -14677.854139248908        1.5703470657405383       0.29676770057210439     
           7  -14677.974118082870        1.9148487253039235       0.55276921350581598     
           3  -14678.068543401305        2.9043451472371937        1.4521725736185969     
