TERM-SELF
  1 0.73151177367411779
  2 0.73151177367411779
  3 0.73151177367411779
  4 0.73151177367411779
  5 0.73151177367411779
  6 0.73151177367411779
TERM-u0
  1 1 2 0.20228494896370304E-001
  1 1 3 0.16102543802777552
  1 1 4 -0.29925626284280128E-001
  1 1 5 -0.16102543802777552
  1 1 6 -0.33058241276793209E-001
  1 2 1 0.20228494896370304E-001
  1 2 3 0.16102543802777552
  1 2 4 -0.20228494896370304E-001
  1 2 5 -0.36949580705098836E-001
  1 2 6 -0.16102543802777552
  1 3 1 0.16102543802777552
  1 3 2 0.16102543802777552
  1 3 4 -0.33058241276793209E-001
  1 3 5 -0.20228494896370304E-001
  1 3 6 -0.29925626284280128E-001
  1 4 1 -0.29925626284280128E-001
  1 4 2 -0.20228494896370304E-001
  1 4 3 -0.33058241276793209E-001
  1 4 5 0.16102543802777552
  1 4 6 0.16102543802777552
  1 5 1 -0.16102543802777552
  1 5 2 -0.36949580705098836E-001
  1 5 3 -0.20228494896370304E-001
  1 5 4 0.16102543802777552
  1 5 6 0.20228494896370304E-001
  1 6 1 -0.33058241276793209E-001
  1 6 2 -0.16102543802777552
  1 6 3 -0.29925626284280128E-001
  1 6 4 0.16102543802777552
  1 6 5 0.20228494896370304E-001
TERM-ud
  1 1 2 0.33402346611178642E-001
  1 1 3 0.13655950911280784
  1 1 4 -0.33847570414782965E-001
  1 1 5 -0.13655950911280784
  1 1 6 -0.38314542101406529E-001
  1 2 1 0.33402346611178642E-001
  1 2 3 0.13655950911280784
  1 2 4 -0.33402346611178642E-001
  1 2 5 -0.32222484856178360E-001
  1 2 6 -0.13655950911280784
  1 3 1 0.13655950911280784
  1 3 2 0.13655950911280784
  1 3 4 -0.38314542101406529E-001
  1 3 5 -0.33402346611178642E-001
  1 3 6 -0.33847570414782965E-001
  1 4 1 -0.33847570414782965E-001
  1 4 2 -0.33402346611178642E-001
  1 4 3 -0.38314542101406529E-001
  1 4 5 0.13655950911280784
  1 4 6 0.13655950911280784
  1 5 1 -0.13655950911280784
  1 5 2 -0.32222484856178360E-001
  1 5 3 -0.33402346611178642E-001
  1 5 4 0.13655950911280784
  1 5 6 0.33402346611178642E-001
  1 6 1 -0.38314542101406529E-001
  1 6 2 -0.13655950911280784
  1 6 3 -0.33847570414782965E-001
  1 6 4 0.13655950911280784
  1 6 5 0.33402346611178642E-001
TERM-d0
  2 1 2 0.20228494896370304E-001
  2 1 3 0.16102543802777552
  2 1 4 -0.29925626284280128E-001
  2 1 5 -0.16102543802777552
  2 1 6 -0.33058241276793209E-001
  2 2 1 0.20228494896370304E-001
  2 2 3 0.16102543802777552
  2 2 4 -0.20228494896370304E-001
  2 2 5 -0.36949580705098836E-001
  2 2 6 -0.16102543802777552
  2 3 1 0.16102543802777552
  2 3 2 0.16102543802777552
  2 3 4 -0.33058241276793209E-001
  2 3 5 -0.20228494896370304E-001
  2 3 6 -0.29925626284280128E-001
  2 4 1 -0.29925626284280128E-001
  2 4 2 -0.20228494896370304E-001
  2 4 3 -0.33058241276793209E-001
  2 4 5 0.16102543802777552
  2 4 6 0.16102543802777552
  2 5 1 -0.16102543802777552
  2 5 2 -0.36949580705098836E-001
  2 5 3 -0.20228494896370304E-001
  2 5 4 0.16102543802777552
  2 5 6 0.20228494896370304E-001
  2 6 1 -0.33058241276793209E-001
  2 6 2 -0.16102543802777552
  2 6 3 -0.29925626284280128E-001
  2 6 4 0.16102543802777552
  2 6 5 0.20228494896370304E-001
TERM-du
  2 1 2 0.33402346611178642E-001
  2 1 3 0.13655950911280784
  2 1 4 -0.33847570414782965E-001
  2 1 5 -0.13655950911280784
  2 1 6 -0.38314542101406529E-001
  2 2 1 0.33402346611178642E-001
  2 2 3 0.13655950911280784
  2 2 4 -0.33402346611178642E-001
  2 2 5 -0.32222484856178360E-001
  2 2 6 -0.13655950911280784
  2 3 1 0.13655950911280784
  2 3 2 0.13655950911280784
  2 3 4 -0.38314542101406529E-001
  2 3 5 -0.33402346611178642E-001
  2 3 6 -0.33847570414782965E-001
  2 4 1 -0.33847570414782965E-001
  2 4 2 -0.33402346611178642E-001
  2 4 3 -0.38314542101406529E-001
  2 4 5 0.13655950911280784
  2 4 6 0.13655950911280784
  2 5 1 -0.13655950911280784
  2 5 2 -0.32222484856178360E-001
  2 5 3 -0.33402346611178642E-001
  2 5 4 0.13655950911280784
  2 5 6 0.33402346611178642E-001
  2 6 1 -0.38314542101406529E-001
  2 6 2 -0.13655950911280784
  2 6 3 -0.33847570414782965E-001
  2 6 4 0.13655950911280784
  2 6 5 0.33402346611178642E-001
TERM-20
  1 1 2 -0.26500396489865029E-001
  1 1 3 0.53681572943227431E-001
  1 1 4 0.26683735604483162E-001
  1 1 5 -0.53681572943227431E-001
  1 1 6 0.22863502933324183E-001
  1 2 1 -0.26500396489865029E-001
  1 2 3 0.53681572943227431E-001
  1 2 4 0.26500396489865029E-001
  1 2 5 0.98768347468819132E-002
  1 2 6 -0.53681572943227431E-001
  1 3 1 0.53681572943227431E-001
  1 3 2 0.53681572943227431E-001
  1 3 4 0.22863502933324183E-001
  1 3 5 0.26500396489865029E-001
  1 3 6 0.26683735604483162E-001
  1 4 1 0.26683735604483162E-001
  1 4 2 0.26500396489865029E-001
  1 4 3 0.22863502933324183E-001
  1 4 5 0.53681572943227431E-001
  1 4 6 0.53681572943227431E-001
  1 5 1 -0.53681572943227431E-001
  1 5 2 0.98768347468819132E-002
  1 5 3 0.26500396489865029E-001
  1 5 4 0.53681572943227431E-001
  1 5 6 -0.26500396489865029E-001
  1 6 1 0.22863502933324183E-001
  1 6 2 -0.53681572943227431E-001
  1 6 3 0.26683735604483162E-001
  1 6 4 0.53681572943227431E-001
  1 6 5 -0.26500396489865029E-001
  2 1 2 -0.26500396489865029E-001
  2 1 3 0.53681572943227431E-001
  2 1 4 0.26683735604483162E-001
  2 1 5 -0.53681572943227431E-001
  2 1 6 0.22863502933324183E-001
  2 2 1 -0.26500396489865029E-001
  2 2 3 0.53681572943227431E-001
  2 2 4 0.26500396489865029E-001
  2 2 5 0.98768347468819132E-002
  2 2 6 -0.53681572943227431E-001
  2 3 1 0.53681572943227431E-001
  2 3 2 0.53681572943227431E-001
  2 3 4 0.22863502933324183E-001
  2 3 5 0.26500396489865029E-001
  2 3 6 0.26683735604483162E-001
  2 4 1 0.26683735604483162E-001
  2 4 2 0.26500396489865029E-001
  2 4 3 0.22863502933324183E-001
  2 4 5 0.53681572943227431E-001
  2 4 6 0.53681572943227431E-001
  2 5 1 -0.53681572943227431E-001
  2 5 2 0.98768347468819132E-002
  2 5 3 0.26500396489865029E-001
  2 5 4 0.53681572943227431E-001
  2 5 6 -0.26500396489865029E-001
  2 6 1 0.22863502933324183E-001
  2 6 2 -0.53681572943227431E-001
  2 6 3 0.26683735604483162E-001
  2 6 4 0.53681572943227431E-001
  2 6 5 -0.26500396489865029E-001
TERM-2u
  2 1 2 -0.12478844089647743E-001
  2 1 3 0.54693839438724495E-001
  2 1 4 0.19354960851364806E-001
  2 1 5 -0.54693839438724495E-001
  2 1 6 0.15134257705730807E-001
  2 2 1 -0.12478844089647743E-001
  2 2 3 0.54693839438724495E-001
  2 2 4 0.12478844089647743E-001
  2 2 5 0.11148128708961610E-001
  2 2 6 -0.54693839438724495E-001
  2 3 1 0.54693839438724495E-001
  2 3 2 0.54693839438724495E-001
  2 3 4 0.15134257705730807E-001
  2 3 5 0.12478844089647743E-001
  2 3 6 0.19354960851364806E-001
  2 4 1 0.19354960851364806E-001
  2 4 2 0.12478844089647743E-001
  2 4 3 0.15134257705730807E-001
  2 4 5 0.54693839438724495E-001
  2 4 6 0.54693839438724495E-001
  2 5 1 -0.54693839438724495E-001
  2 5 2 0.11148128708961610E-001
  2 5 3 0.12478844089647743E-001
  2 5 4 0.54693839438724495E-001
  2 5 6 -0.12478844089647743E-001
  2 6 1 0.15134257705730807E-001
  2 6 2 -0.54693839438724495E-001
  2 6 3 0.19354960851364806E-001
  2 6 4 0.54693839438724495E-001
  2 6 5 -0.12478844089647743E-001
TERM-2d
  1 1 2 -0.12478844089647743E-001
  1 1 3 0.54693839438724495E-001
  1 1 4 0.19354960851364806E-001
  1 1 5 -0.54693839438724495E-001
  1 1 6 0.15134257705730807E-001
  1 2 1 -0.12478844089647743E-001
  1 2 3 0.54693839438724495E-001
  1 2 4 0.12478844089647743E-001
  1 2 5 0.11148128708961610E-001
  1 2 6 -0.54693839438724495E-001
  1 3 1 0.54693839438724495E-001
  1 3 2 0.54693839438724495E-001
  1 3 4 0.15134257705730807E-001
  1 3 5 0.12478844089647743E-001
  1 3 6 0.19354960851364806E-001
  1 4 1 0.19354960851364806E-001
  1 4 2 0.12478844089647743E-001
  1 4 3 0.15134257705730807E-001
  1 4 5 0.54693839438724495E-001
  1 4 6 0.54693839438724495E-001
  1 5 1 -0.54693839438724495E-001
  1 5 2 0.11148128708961610E-001
  1 5 3 0.12478844089647743E-001
  1 5 4 0.54693839438724495E-001
  1 5 6 -0.12478844089647743E-001
  1 6 1 0.15134257705730807E-001
  1 6 2 -0.54693839438724495E-001
  1 6 3 0.19354960851364806E-001
  1 6 4 0.54693839438724495E-001
  1 6 5 -0.12478844089647743E-001
