# of blocks mean (X_1)     std.err. (X_1)  std.err.err. (X_1)  
# from 50000 to 0
2049        -1.17727571059 1.32938173e-05  2.07715895e-07       
1024        -1.17727573145 1.72854765e-05  3.82145316e-07       
512         -1.17727573145 2.04812931e-05  6.40666366e-07       
256         -1.17727573145 2.17645401e-05  9.63750035e-07       
128         -1.17727573145 2.31095367e-05  1.45002130e-06       
64          -1.17727573145 2.36868130e-05  2.11018902e-06       
32          -1.17727573145 2.49548559e-05  3.16926987e-06       
16          -1.17727573145 1.82087454e-05  3.32444687e-06       
8           -1.17727573145 1.65720359e-05  4.42906289e-06       
4           -1.17727573145 2.26538838e-05  9.24840934e-06       
2           -1.17727573145 2.94287109e-05  2.08092411e-05       
