# of blocks mean (X_5)     std.err. (X_5)  std.err.err. (X_5)  mean (X_6)     std.err. (X_6)  std.err.err. (X_6)  cov(X_5,X_6)   mean (X_5/X_6)   std.err. (X_5/X_6) 
# from 50000 to 0
2049        -88712948.0492 5.07816091e+02  7.93462642e+00       231422.340408  1.32448514e+00  2.06950803e-02       -1.37815e+06   -383.337874351258 1.811286177694e-06 
1024        -88712941.8640 7.05179378e+02  1.55900242e+01       231422.324263  1.83923783e+00  4.06616573e-02       -1.32812e+06   -383.337874366112 2.532977246163e-06 
512         -88712941.8640 9.63709177e+02  3.01453650e+01       231422.324263  2.51350157e+00  7.86237427e-02       -1.24021e+06   -383.337874366112 3.504252662796e-06 
256         -88712941.8640 1.29234123e+03  5.72258315e+01       231422.324263  3.37057969e+00  1.49251777e-01       -1.11512e+06   -383.337874366112 4.730590454436e-06 
128         -88712941.8640 1.69715884e+03  1.06489216e+02       231422.324263  4.42634241e+00  2.77733424e-01       -9.61562e+05   -383.337874366112 6.154632425667e-06 
64          -88712941.8640 2.16790461e+03  1.93132293e+02       231422.324263  5.65386295e+00  5.03686145e-01       -7.84450e+05   -383.337874366112 7.783546953678e-06 
32          -88712941.8640 2.80035573e+03  3.55645534e+02       231422.324263  7.30346417e+00  9.27540877e-01       -6.54473e+05   -383.337874366112 8.748086487777e-06 
16          -88712941.8640 2.61422131e+03  4.77289327e+02       231422.324263  6.81934792e+00  1.24503689e+00       -2.85236e+05   -383.337874366112 7.982810280587e-06 
8           -88712941.8640 3.15807848e+03  8.44031976e+02       231422.324263  8.23749509e+00  2.20156317e+00       -2.08117e+05   -383.337874366112 9.775235853177e-06 
4           -88712941.8640 1.33954995e+03  5.46868978e+02       231422.324263  3.49893257e+00  1.42843324e+00       -1.87479e+04   -383.337874366112 1.301006338422e-05 
2           -88712941.8640 9.09757965e+02  6.43296026e+02       231422.324263  2.37523256e+00  1.67954305e+00       -4.32177e+03   -383.337874366112 3.278145851264e-06 
