TERM-2
  1 -0.65756193326121637
  2 -0.64340656018733666
  3 -0.64790234558861881
  4 -0.65756193326121637
  5 -0.64790234558861881
  6 -0.64790234558861881
  7 -0.64340656018733666
  8 -0.64790234558861881
  9 -0.64340656018733666
  10 -0.64340656018733666
TERM-02
  1 2 26.797299774258903
  1 3 13.282876072563544
  1 4 53.753181023569020
  1 5 12.947209998268763
  1 6 13.282876072563544
  1 7 26.888611588404771
  1 8 12.947209998268763
  1 9 26.888611588404771
  1 10 26.797299774258903
  2 1 26.796619039570071
  2 3 -13.873475227421805
  2 4 26.892346913315375
  2 5 -13.257757888926756
  2 6 -13.541914197648321
  2 7 0.81612791687139141
  2 8 -13.814632927561622
  3 1 13.293213048110855
  3 2 -13.873724727883237
  3 4 12.948833045220375
  3 5 -27.753995506718553
  3 6 -27.523813473606420
  3 7 -13.816275447338066
  3 8 -27.663395951434133
  3 9 -13.262016241781431
  3 10 -13.543331020061121
  4 1 53.753181023569020
  4 2 26.888611588404771
  4 3 12.947209998268763
  4 5 13.282876072563544
  4 6 12.947209998268763
  4 7 26.797299774258903
  4 8 13.282876072563544
  4 9 26.797299774258903
  4 10 26.888611588404771
  5 1 12.948833045220375
  5 2 -13.262016241781431
  5 3 -27.753995506718553
  5 4 13.293213048110855
  5 6 -27.663395951434133
  5 7 -13.543331020061121
  5 8 -27.523813473606420
  5 9 -13.873724727883237
  5 10 -13.816897635046299
  6 1 13.293213048110855
  6 2 -13.543331020061121
  6 3 -27.523813473606420
  6 4 12.948833045220375
  6 5 -27.663395951434133
  6 7 -13.262016241781431
  6 8 -27.753995506718553
  6 9 -13.816897635046299
  6 10 -13.873724727883237
  7 1 26.892346913315375
  7 2 0.81612791687139141
  7 3 -13.814993786755501
  7 4 26.796619039570071
  7 5 -13.541914197648321
  7 6 -13.257757888926756
  7 8 -13.873475227421805
  8 1 12.948833045220375
  8 2 -13.816897635046299
  8 3 -27.663395951434133
  8 4 13.293213048110855
  8 5 -27.523813473606420
  8 6 -27.753995506718553
  8 7 -13.873724727883237
  8 9 -13.543331020061121
  8 10 -13.262016241781431
  9 1 26.892346913315375
  9 3 -13.257757888926756
  9 4 26.796619039570071
  9 5 -13.873475227421805
  9 6 -13.814632927561622
  9 8 -13.541914197648321
  9 10 0.81612791687139141
  10 1 26.796619039570071
  10 3 -13.541914197648321
  10 4 26.892346913315375
  10 5 -13.814632927561622
  10 6 -13.873475227421805
  10 8 -13.257757888926756
  10 9 0.81612791687139141
TERM-uu
  1 2 -133.48962479765018
  1 3 -64.144351780874729
  1 4 -266.98238549410178
  1 5 -63.984021203482953
  1 6 -64.144351780874729
  1 7 -133.56450295240447
  1 8 -63.984021203482953
  1 9 -133.56450295240447
  1 10 -133.48962479765018
  2 1 -133.48962479765018
  2 3 69.509412426658287
  2 4 -133.56450295240447
  2 5 69.190715242968267
  2 6 69.275860151150326
  2 7 -0.41603626568033431
  2 8 69.468089903095333
  3 1 -64.144351780874729
  3 2 69.509412426658287
  3 4 -63.984021203482953
  3 5 139.02132034313118
  3 6 138.88190672422306
  3 7 69.468384632510151
  3 8 138.92405864541703
  3 9 69.190715242968267
  3 10 69.275860151150326
  4 1 -266.98238549410178
  4 2 -133.56450295240447
  4 3 -63.984021203482953
  4 5 -64.144351780874729
  4 6 -63.984021203482953
  4 7 -133.48962479765018
  4 8 -64.144351780874729
  4 9 -133.48962479765018
  4 10 -133.56450295240447
  5 1 -63.984021203482953
  5 2 69.190715242968267
  5 3 139.02132034313118
  5 4 -64.144351780874729
  5 6 138.92405864541703
  5 7 69.275860151150326
  5 8 138.88190672422306
  5 9 69.509412426658287
  5 10 69.468089903095333
  6 1 -64.144351780874729
  6 2 69.275860151150326
  6 3 138.88190672422306
  6 4 -63.984021203482953
  6 5 138.92405864541703
  6 7 69.190715242968267
  6 8 139.02132034313118
  6 9 69.468089903095333
  6 10 69.509412426658287
  7 1 -133.56450295240447
  7 2 -0.41603626568033431
  7 3 69.468384632510151
  7 4 -133.48962479765018
  7 5 69.275860151150326
  7 6 69.190715242968267
  7 8 69.509412426658287
  8 1 -63.984021203482953
  8 2 69.468089903095333
  8 3 138.92405864541703
  8 4 -64.144351780874729
  8 5 138.88190672422306
  8 6 139.02132034313118
  8 7 69.509412426658287
  8 9 69.275860151150326
  8 10 69.190715242968267
  9 1 -133.56450295240447
  9 3 69.190715242968267
  9 4 -133.48962479765018
  9 5 69.509412426658287
  9 6 69.468089903095333
  9 8 69.275860151150326
  9 10 -0.41603626568033431
  10 1 -133.48962479765018
  10 3 69.275860151150326
  10 4 -133.56450295240447
  10 5 69.468089903095333
  10 6 69.509412426658287
  10 8 69.190715242968267
  10 9 -0.41603626568033431
TERM-ud
  1 2 106.69669147213237
  1 3 50.908124628481232
  1 4 213.27273798629412
  1 5 51.026956380209839
  1 6 50.908124628481232
  1 7 106.64493686782413
  1 8 51.026956380209839
  1 9 106.64493686782413
  1 10 106.69669147213237
  2 1 106.69669147213237
  2 3 -55.633585676886504
  2 4 106.64493686782413
  2 5 -55.840659095200166
  2 6 -55.768358050879868
  2 7 -0.29631265238252136
  2 8 -55.646350681529313
  3 1 50.908124628481232
  3 2 -55.633585676886504
  3 4 51.026956380209839
  3 5 -111.26769869315994
  3 6 -111.37277245605240
  3 7 -55.646343146911747
  3 8 -111.26703615675495
  3 9 -55.840659095200166
  3 10 -55.768358050879868
  4 1 213.27273798629412
  4 2 106.64493686782413
  4 3 51.026956380209839
  4 5 50.908124628481232
  4 6 51.026956380209839
  4 7 106.69669147213237
  4 8 50.908124628481232
  4 9 106.69669147213237
  4 10 106.64493686782413
  5 1 51.026956380209839
  5 2 -55.840659095200166
  5 3 -111.26769869315994
  5 4 50.908124628481232
  5 6 -111.26703615675495
  5 7 -55.768358050879868
  5 8 -111.37277245605240
  5 9 -55.633585676886504
  5 10 -55.646350681529313
  6 1 50.908124628481232
  6 2 -55.768358050879868
  6 3 -111.37277245605240
  6 4 51.026956380209839
  6 5 -111.26703615675495
  6 7 -55.840659095200166
  6 8 -111.26769869315994
  6 9 -55.646350681529313
  6 10 -55.633585676886504
  7 1 106.64493686782413
  7 2 -0.29631265238252136
  7 3 -55.646343146911747
  7 4 106.69669147213237
  7 5 -55.768358050879868
  7 6 -55.840659095200166
  7 8 -55.633585676886504
  8 1 51.026956380209839
  8 2 -55.646350681529313
  8 3 -111.26703615675495
  8 4 50.908124628481232
  8 5 -111.37277245605240
  8 6 -111.26769869315994
  8 7 -55.633585676886504
  8 9 -55.768358050879868
  8 10 -55.840659095200166
  9 1 106.64493686782413
  9 3 -55.840659095200166
  9 4 106.69669147213237
  9 5 -55.633585676886504
  9 6 -55.646350681529313
  9 8 -55.768358050879868
  9 10 -0.29631265238252136
  10 1 106.69669147213237
  10 3 -55.768358050879868
  10 4 106.64493686782413
  10 5 -55.646350681529313
  10 6 -55.633585676886504
  10 8 -55.840659095200166
  10 9 -0.29631265238252136
TERM-du
  1 2 106.69669147213237
  1 3 50.908124628481232
  1 4 213.27273798629412
  1 5 51.026956380209839
  1 6 50.908124628481232
  1 7 106.64493686782413
  1 8 51.026956380209839
  1 9 106.64493686782413
  1 10 106.69669147213237
  2 1 106.69669147213237
  2 3 -55.633585676886504
  2 4 106.64493686782413
  2 5 -55.840659095200166
  2 6 -55.768358050879868
  2 7 -0.29631265238252136
  2 8 -55.646350681529313
  3 1 50.908124628481232
  3 2 -55.633585676886504
  3 4 51.026956380209839
  3 5 -111.26769869315994
  3 6 -111.37277245605240
  3 7 -55.646343146911747
  3 8 -111.26703615675495
  3 9 -55.840659095200166
  3 10 -55.768358050879868
  4 1 213.27273798629412
  4 2 106.64493686782413
  4 3 51.026956380209839
  4 5 50.908124628481232
  4 6 51.026956380209839
  4 7 106.69669147213237
  4 8 50.908124628481232
  4 9 106.69669147213237
  4 10 106.64493686782413
  5 1 51.026956380209839
  5 2 -55.840659095200166
  5 3 -111.26769869315994
  5 4 50.908124628481232
  5 6 -111.26703615675495
  5 7 -55.768358050879868
  5 8 -111.37277245605240
  5 9 -55.633585676886504
  5 10 -55.646350681529313
  6 1 50.908124628481232
  6 2 -55.768358050879868
  6 3 -111.37277245605240
  6 4 51.026956380209839
  6 5 -111.26703615675495
  6 7 -55.840659095200166
  6 8 -111.26769869315994
  6 9 -55.646350681529313
  6 10 -55.633585676886504
  7 1 106.64493686782413
  7 2 -0.29631265238252136
  7 3 -55.646343146911747
  7 4 106.69669147213237
  7 5 -55.768358050879868
  7 6 -55.840659095200166
  7 8 -55.633585676886504
  8 1 51.026956380209839
  8 2 -55.646350681529313
  8 3 -111.26703615675495
  8 4 50.908124628481232
  8 5 -111.37277245605240
  8 6 -111.26769869315994
  8 7 -55.633585676886504
  8 9 -55.768358050879868
  8 10 -55.840659095200166
  9 1 106.64493686782413
  9 3 -55.840659095200166
  9 4 106.69669147213237
  9 5 -55.633585676886504
  9 6 -55.646350681529313
  9 8 -55.768358050879868
  9 10 -0.29631265238252136
  10 1 106.69669147213237
  10 3 -55.768358050879868
  10 4 106.64493686782413
  10 5 -55.646350681529313
  10 6 -55.633585676886504
  10 8 -55.840659095200166
  10 9 -0.29631265238252136
TERM-dd
  1 2 -133.48962479765018
  1 3 -64.144351780874729
  1 4 -266.98238549410178
  1 5 -63.984021203482953
  1 6 -64.144351780874729
  1 7 -133.56450295240447
  1 8 -63.984021203482953
  1 9 -133.56450295240447
  1 10 -133.48962479765018
  2 1 -133.48962479765018
  2 3 69.509412426658287
  2 4 -133.56450295240447
  2 5 69.190715242968267
  2 6 69.275860151150326
  2 7 -0.41603626568033431
  2 8 69.468089903095333
  3 1 -64.144351780874729
  3 2 69.509412426658287
  3 4 -63.984021203482953
  3 5 139.02132034313118
  3 6 138.88190672422306
  3 7 69.468384632510151
  3 8 138.92405864541703
  3 9 69.190715242968267
  3 10 69.275860151150326
  4 1 -266.98238549410178
  4 2 -133.56450295240447
  4 3 -63.984021203482953
  4 5 -64.144351780874729
  4 6 -63.984021203482953
  4 7 -133.48962479765018
  4 8 -64.144351780874729
  4 9 -133.48962479765018
  4 10 -133.56450295240447
  5 1 -63.984021203482953
  5 2 69.190715242968267
  5 3 139.02132034313118
  5 4 -64.144351780874729
  5 6 138.92405864541703
  5 7 69.275860151150326
  5 8 138.88190672422306
  5 9 69.509412426658287
  5 10 69.468089903095333
  6 1 -64.144351780874729
  6 2 69.275860151150326
  6 3 138.88190672422306
  6 4 -63.984021203482953
  6 5 138.92405864541703
  6 7 69.190715242968267
  6 8 139.02132034313118
  6 9 69.468089903095333
  6 10 69.509412426658287
  7 1 -133.56450295240447
  7 2 -0.41603626568033431
  7 3 69.468384632510151
  7 4 -133.48962479765018
  7 5 69.275860151150326
  7 6 69.190715242968267
  7 8 69.509412426658287
  8 1 -63.984021203482953
  8 2 69.468089903095333
  8 3 138.92405864541703
  8 4 -64.144351780874729
  8 5 138.88190672422306
  8 6 139.02132034313118
  8 7 69.509412426658287
  8 9 69.275860151150326
  8 10 69.190715242968267
  9 1 -133.56450295240447
  9 3 69.190715242968267
  9 4 -133.48962479765018
  9 5 69.509412426658287
  9 6 69.468089903095333
  9 8 69.275860151150326
  9 10 -0.41603626568033431
  10 1 -133.48962479765018
  10 3 69.275860151150326
  10 4 -133.56450295240447
  10 5 69.468089903095333
  10 6 69.509412426658287
  10 8 69.190715242968267
  10 9 -0.41603626568033431
TERM-20
  1 2 26.796619039570071
  1 3 13.293213048110855
  1 4 53.753181023569020
  1 5 12.948833045220375
  1 6 13.293213048110855
  1 7 26.892346913315375
  1 8 12.948833045220375
  1 9 26.892346913315375
  1 10 26.796619039570071
  2 1 26.797299774258903
  2 3 -13.873724727883237
  2 4 26.888611588404771
  2 5 -13.262016241781431
  2 6 -13.543331020061121
  2 7 0.81612791687139141
  2 8 -13.816897635046299
  3 1 13.282876072563544
  3 2 -13.873475227421805
  3 4 12.947209998268763
  3 5 -27.753995506718553
  3 6 -27.523813473606420
  3 7 -13.814993786755501
  3 8 -27.663395951434133
  3 9 -13.257757888926756
  3 10 -13.541914197648321
  4 1 53.753181023569020
  4 2 26.892346913315375
  4 3 12.948833045220375
  4 5 13.293213048110855
  4 6 12.948833045220375
  4 7 26.796619039570071
  4 8 13.293213048110855
  4 9 26.796619039570071
  4 10 26.892346913315375
  5 1 12.947209998268763
  5 2 -13.257757888926756
  5 3 -27.753995506718553
  5 4 13.282876072563544
  5 6 -27.663395951434133
  5 7 -13.541914197648321
  5 8 -27.523813473606420
  5 9 -13.873475227421805
  5 10 -13.814632927561622
  6 1 13.282876072563544
  6 2 -13.541914197648321
  6 3 -27.523813473606420
  6 4 12.947209998268763
  6 5 -27.663395951434133
  6 7 -13.257757888926756
  6 8 -27.753995506718553
  6 9 -13.814632927561622
  6 10 -13.873475227421805
  7 1 26.888611588404771
  7 2 0.81612791687139141
  7 3 -13.816275447338066
  7 4 26.797299774258903
  7 5 -13.543331020061121
  7 6 -13.262016241781431
  7 8 -13.873724727883237
  8 1 12.947209998268763
  8 2 -13.814632927561622
  8 3 -27.663395951434133
  8 4 13.282876072563544
  8 5 -27.523813473606420
  8 6 -27.753995506718553
  8 7 -13.873475227421805
  8 9 -13.541914197648321
  8 10 -13.257757888926756
  9 1 26.888611588404771
  9 3 -13.262016241781431
  9 4 26.797299774258903
  9 5 -13.873724727883237
  9 6 -13.816897635046299
  9 8 -13.543331020061121
  9 10 0.81612791687139141
  10 1 26.797299774258903
  10 3 -13.543331020061121
  10 4 26.888611588404771
  10 5 -13.816897635046299
  10 6 -13.873724727883237
  10 8 -13.262016241781431
  10 9 0.81612791687139141
