# of blocks mean (X_5)     std.err. (X_5)  std.err.err. (X_5)  mean (X_6)     std.err. (X_6)  std.err.err. (X_6)  cov(X_5,X_6)   mean (X_5/X_6)   std.err. (X_5/X_6) 
# from 50000 to 0
2049        -34894850.9989 2.36573173e+02  3.69645583e+00       91026.1977434  6.17122299e-01  9.64253592e-03       -2.99143e+05   -383.349539626325 1.506032477773e-07 
1024        -34894844.9704 3.29366540e+02  7.28159739e+00       91026.1820172  8.59182168e-01  1.89947001e-02       -2.89778e+05   -383.349539627698 2.093874993475e-07 
512         -34894844.9704 4.51053894e+02  1.41092195e+01       91026.1820172  1.17661462e+00  3.68051670e-02       -2.71727e+05   -383.349539627698 2.865816884947e-07 
256         -34894844.9704 6.05241844e+02  2.68005593e+01       91026.1820172  1.57882803e+00  6.99116802e-02       -2.44627e+05   -383.349539627698 3.792985453426e-07 
128         -34894844.9704 7.79131781e+02  4.88870759e+01       91026.1820172  2.03243558e+00  1.27526351e-01       -2.02692e+05   -383.349539627698 4.776821970745e-07 
64          -34894844.9704 9.09108050e+02  8.09897821e+01       91026.1820172  2.37150246e+00  2.11270231e-01       -1.37981e+05   -383.349539627698 5.711108193852e-07 
32          -34894844.9704 1.06878163e+03  1.35735402e+02       91026.1820172  2.78799667e+00  3.54075931e-01       -9.53523e+04   -383.349539627698 6.389334718263e-07 
16          -34894844.9704 1.28588274e+03  2.34768995e+02       91026.1820172  3.35430928e+00  6.12410286e-01       -6.90120e+04   -383.349539627698 6.843680415852e-07 
8           -34894844.9704 1.08869127e+03  2.90964980e+02       91026.1820172  2.83989609e+00  7.58994156e-01       -2.47342e+04   -383.349539627698 6.859009920935e-07 
4           -34894844.9704 1.54627097e+03  6.31262481e+02       91026.1820172  4.03347168e+00  1.64665792e+00       -2.49474e+04   -383.349539627698 9.397191413907e-07 
2           -34894844.9704 2.00452919e+02  1.41741618e+02       91026.1820172  5.23217672e-01  3.69970764e-01       -2.09761e+02   -383.349539627698 1.343956294016e-06 
