# of blocks mean (X_1)     std.err. (X_1)  std.err.err. (X_1)  
# from 50000 to 0
2049        -1.18888350610 1.31787222e-05  2.05917534e-07       
1024        -1.18888334814 1.70762180e-05  3.77519054e-07       
512         -1.18888334814 1.98734337e-05  6.21652181e-07       
256         -1.18888334814 2.15231789e-05  9.53062379e-07       
128         -1.18888334814 2.27346524e-05  1.42649896e-06       
64          -1.18888334814 2.18704996e-05  1.94837897e-06       
32          -1.18888334814 2.32486685e-05  2.95258385e-06       
16          -1.18888334814 2.71680193e-05  4.96017901e-06       
8           -1.18888334814 2.69632425e-05  7.20622969e-06       
4           -1.18888334814 2.61088000e-05  1.06588730e-05       
2           -1.18888334814 2.84877930e-05  2.01439116e-05       
