# of blocks mean (X_1)     std.err. (X_1)  std.err.err. (X_1)  
# from 50000 to 0
2049        -1.18939585554 1.30826831e-05  2.04416924e-07       
1024        -1.18939570361 1.70094476e-05  3.76042900e-07       
512         -1.18939570361 1.99350563e-05  6.23579773e-07       
256         -1.18939570361 2.13828891e-05  9.46850246e-07       
128         -1.18939570361 2.20065651e-05  1.38081470e-06       
64          -1.18939570361 2.28933960e-05  2.03950581e-06       
32          -1.18939570361 2.11177304e-05  2.68195444e-06       
16          -1.18939570361 2.15338815e-05  3.93153088e-06       
8           -1.18939570361 2.63530829e-05  7.04315767e-06       
4           -1.18939570361 1.75425313e-05  7.16170840e-06       
2           -1.18939570361 4.24853516e-06  3.00416802e-06       
