# of blocks mean (X_5)     std.err. (X_5)  std.err.err. (X_5)  mean (X_6)     std.err. (X_6)  std.err.err. (X_6)  cov(X_5,X_6)   mean (X_5/X_6)   std.err. (X_5/X_6) 
# from 50000 to 0
2049        -34036465.3600 2.54254402e+02  3.97272503e+00       88786.9099903  6.63245296e-01  1.03632078e-02       -3.45529e+05   -383.350038464630 5.496592723285e-08 
1024        -34036454.5529 3.55095270e+02  7.85040517e+00       88786.8817994  9.26297756e-01  2.04784837e-02       -3.36818e+05   -383.350038464319 7.657117116246e-08 
512         -34036454.5529 4.89821821e+02  1.53219020e+01       88786.8817994  1.27774411e+00  3.99685542e-02       -3.20444e+05   -383.350038464320 1.051013967444e-07 
256         -34036454.5529 6.62417680e+02  2.93323479e+01       88786.8817994  1.72797583e+00  7.65160560e-02       -2.93028e+05   -383.350038464320 1.399085840471e-07 
128         -34036454.5529 8.79200780e+02  5.51659633e+01       88786.8817994  2.29347390e+00  1.43905351e-01       -2.58102e+05   -383.350038464320 1.785139111263e-07 
64          -34036454.5529 1.12717063e+03  1.00416341e+02       88786.8817994  2.94032425e+00  2.61944904e-01       -2.12112e+05   -383.350038464320 2.075852319740e-07 
32          -34036454.5529 1.33405926e+03  1.69425696e+02       88786.8817994  3.48000847e+00  4.41961517e-01       -1.48561e+05   -383.350038464320 2.194588980822e-07 
16          -34036454.5529 1.26200977e+03  2.30410407e+02       88786.8817994  3.29205966e+00  6.01045112e-01       -6.64738e+04   -383.350038464320 2.235172512206e-07 
8           -34036454.5529 1.16014989e+03  3.10063099e+02       88786.8817994  3.02636591e+00  8.08830313e-01       -2.80883e+04   -383.350038464320 2.721121949916e-07 
4           -34036454.5529 1.19290159e+03  4.87000034e+02       88786.8817994  3.11183207e+00  1.27040012e+00       -1.48484e+04   -383.350038464320 2.311669597968e-07 
2           -34036454.5529 7.69771288e+02  5.44310498e+02       88786.8817994  2.00806772e+00  1.41991830e+00       -3.09151e+03   -383.350038464320 2.426977598980e-07 
