# No.Blocks      Mean       Error        Error_in_Error
        2220 -0.68330866824324221        4.3273383018795514E-006   6.4957185571681184E-008
        1110 -0.68330866824324277        5.6110652318611463E-006   1.1914190687932875E-007
         555 -0.68330866824324232        6.4523810699959067E-006   1.9384300253598898E-007
         277 -0.68330859011732892        6.5506457261509884E-006   2.7881399775364570E-007
         138 -0.68330894981884038        6.6483522722754554E-006   4.0164164919234868E-007
          69 -0.68330894981884072        6.6029032457698104E-006   5.6619428224120088E-007
          34 -0.68330947343749993        7.1459431983258449E-006   8.7960480273554982E-007
          17 -0.68330947343750004        7.9222767671245482E-006   1.4004739061176016E-006
           8 -0.68330897211914066        1.0186214919216205E-005   2.7223804496965886E-006
           4 -0.68330897211914066        9.2353290974321540E-006   3.7703073158978482E-006
           2 -0.68330897211914066        6.7532705081409094E-006   4.7752833714935582E-006
