# No.Blocks      Mean       Error        Error_in_Error
        1964   9956.9114183698366        9.0559199361361753E-002   1.4452980828839053E-003
         982   9956.9114183698239       0.12717848775840340        2.8712046923866754E-003
         491   9956.9114183698257       0.17744489346123754        5.6682692005647862E-003
         245   9956.9177898842554       0.24595996460755556        1.1134084446168247E-002
         122   9956.9299287629510       0.33502526718894265        2.1536239845285118E-002
          61   9956.9299287629510       0.45232732637330558        4.1291646671776816E-002
          30   9956.9096454410592       0.60968634536417654        8.0055739173050866E-002
          15   9956.9096454410628       0.79020512300546908       0.14933473144297685     
           7   9957.0454097046040       0.90616915208594340       0.26158850194407718     
           3   9957.5708549276624       0.34822564860178118       0.17411282430089059     
