# Block_length   Mean       Error        Error_in_Error
        1964 -0.68429594079955203        9.2759228310253381E-006   1.4804098953176052E-007
         982 -0.68429594079955336        1.2948870756558563E-005   2.9233606353274888E-007
         491 -0.68429594079955236        1.7905432559401891E-005   5.7196806241943808E-007
         245 -0.68429542301732837        2.4303978462259987E-005   1.1001894109410051E-006
         122 -0.68429402270480977        3.2569392809053479E-005   2.0936398649463721E-006
          61 -0.68429402270481021        4.0926691290482656E-005   3.7360786706412611E-006
          30 -0.68428973649882985        5.0386734927604594E-005   6.6161024267921496E-006
          15 -0.68428973649882996        5.8565612632633540E-005   1.1067860457577939E-005
           7 -0.68429179551369368        4.2335313452185899E-005   1.2221152308923358E-005
           3 -0.68431058740035500        2.3602776268939434E-005   1.1801388134469717E-005
