# No.Blocks      Mean       Error        Error_in_Error
        1964  -14550.592550258125       0.25536313767543167        4.0755202776118086E-003
         982  -14550.592550258078       0.35890470456211443        8.1026979485396989E-003
         491  -14550.592550258103       0.50159768585655551        1.6022950327597756E-002
         245  -14550.612871236634       0.69267379547819485        3.1355869418860635E-002
         122  -14550.660386314910       0.94530992340559528        6.0766823378457478E-002
          61  -14550.660386314901        1.2385775418623033       0.11306614314954712     
          30  -14550.721886295727        1.5839532079123833       0.20798324554768952     
          15  -14550.721886295731        1.8671202360541657       0.35285255803253834     
           7  -14550.876504707923        1.3037669446558871       0.37636509822880615     
           3  -14551.244768484050       0.28719363753658700       0.14359681876829350     
