111111000000    0    0    322.2401      0.93612  Y  -2.30622177E+02       0
111100110000    2    0   -52.67512      0.15302  Y  -2.30073064E+02       0
110011001100    2    0   -52.67504      0.15302  Y  -2.30073064E+02       0
110110100100    2    4    34.80985      0.10112  Y  -2.30145771E+02       0
111001011000    2    4    34.80985      0.10112  Y  -2.30145771E+02       0
111010010100    2    4   -27.39308      0.07958  Y  -2.30032374E+02       0
110101101000    2    4   -27.39308      0.07958  Y  -2.30032374E+02       0
100111000110    2    4    22.97753      0.06675  Y  -2.29718112E+02       0
011011001001    2    4    22.97753      0.06675  Y  -2.29718112E+02       0
011110100001    2    4   -22.97753      0.06675  Y  -2.29718112E+02       0
101101010010    2    4   -22.97753      0.06675  Y  -2.29718112E+02       0
011011000110    2    4   -16.41739      0.04769  Y  -2.29695754E+02       0
100111001001    2    4   -16.41739      0.04769  Y  -2.29695754E+02       0
011110010010    2    4    16.41738      0.04769  Y  -2.29695754E+02       0
101101100001    2    4    16.41738      0.04769  Y  -2.29695754E+02       0
001111001100    2    0   -14.30814      0.04157  Y  -2.29750104E+02       0
001111110000    2    0   -14.30811      0.04157  Y  -2.29750104E+02       0
001111000011    2    0   -13.88377      0.04033  Y  -2.29309068E+02       0
110011000011    2    0   -11.75915      0.03416  Y  -2.29596654E+02       0
111100000011    2    0   -11.75912      0.03416  Y  -2.29596654E+02       0
110000111100    4    0    11.67644      0.03392  Y  -2.29430653E+02       0
111100001100    2    0   -10.44852      0.03035  Y  -2.29970468E+02       0
110011110000    2    0   -10.44850      0.03035  Y  -2.29970469E+02       0
110110011000    2    4   -7.416779      0.02155  Y  -2.30083758E+02       0
111001100100    2    4   -7.416779      0.02155  Y  -2.30083758E+02       0
011101100010    2    4    6.560160      0.01906  Y  -2.29791198E+02       0
101110010001    2    4    6.560160      0.01906  Y  -2.29791198E+02       0
101011000101    2    4   -6.560141      0.01906  Y  -2.29791198E+02       0
010111001010    2    4   -6.560141      0.01906  Y  -2.29791198E+02       0
011000111001    4    4   -5.702088      0.01656  Y  -2.29205149E+02       0
100100110110    4    4   -5.702088      0.01656  Y  -2.29205149E+02       0
100001011110    4    4    5.702083      0.01656  Y  -2.29205149E+02       0
010010101101    4    4    5.702083      0.01656  Y  -2.29205149E+02       0
000011001111    4    0    5.125327      0.01489  Y  -2.28925553E+02       0
001100110011    4    0    5.125325      0.01489  Y  -2.28925553E+02       0
011000110110    4    4    3.610384      0.01049  Y  -2.29182791E+02       0
100100111001    4    4    3.610384      0.01049  Y  -2.29182791E+02       0
100001101101    4    4   -3.610378      0.01049  Y  -2.29182791E+02       0
010010011110    4    4   -3.610378      0.01049  Y  -2.29182791E+02       0
001001011011    4    4   -3.278455      0.00952  Y  -2.28998260E+02       0
000110100111    4    4   -3.278455      0.00952  Y  -2.28998260E+02       0
001100111100    4    0    3.124444      0.00908  Y  -2.29225482E+02       0
000011111100    4    0    3.124435      0.00908  Y  -2.29225482E+02       0
110010100101    3    4    2.716428      0.00789  Y  -2.29636432E+02       0
110001011010    3    4    2.716428      0.00789  Y  -2.29636432E+02       0
110100110010    3    2    2.716426      0.00789  Y  -2.29600425E+02       0
111000110001    3    2   -2.716426      0.00789  Y  -2.29600425E+02       0
110010011001    3    4   -2.716421      0.00789  Y  -2.29605425E+02       0
110001100110    3    4   -2.716421      0.00789  Y  -2.29605425E+02       0
111000001101    3    2    2.716415      0.00789  Y  -2.29549127E+02       0
110100001110    3    2   -2.716415      0.00789  Y  -2.29549127E+02       0
101100110100    3    2   -2.675056      0.00777  Y  -2.29664089E+02       0
011100111000    3    2    2.675056      0.00777  Y  -2.29664089E+02       0
010110101100    3    4   -2.675054      0.00777  Y  -2.29700788E+02       0
101001011100    3    4   -2.675054      0.00777  Y  -2.29700788E+02       0
100110011100    3    4    2.675046      0.00777  Y  -2.29669781E+02       0
011001101100    3    4    2.675046      0.00777  Y  -2.29669781E+02       0
100011110100    3    2    2.675044      0.00777  Y  -2.29612791E+02       0
010011111000    3    2   -2.675044      0.00777  Y  -2.29612791E+02       0
110000110011    4    0    2.585243      0.00751  Y  -2.29095351E+02       0
110000001111    4    0    2.585236      0.00751  Y  -2.29095351E+02       0
100010011101    4    4   -2.091709      0.00608  Y  -2.29278235E+02       0
010001101110    4    4   -2.091709      0.00608  Y  -2.29278235E+02       0
101000110101    4    4    2.091706      0.00608  Y  -2.29278235E+02       0
010100111010    4    4    2.091706      0.00608  Y  -2.29278235E+02       0
000101101011    4    4    2.021561      0.00587  Y  -2.28884864E+02       0
001010010111    4    4    2.021561      0.00587  Y  -2.28884864E+02       0
000000111111    6    0   -1.753515      0.00509  Y  -2.28448741E+02       0
010110100011    3    4    1.558463      0.00453  Y  -2.29312619E+02       0
101001010011    3    4    1.558463      0.00453  Y  -2.29312619E+02       0
011001100011    3    4   -1.558458      0.00453  Y  -2.29281613E+02       0
100110010011    3    4   -1.558458      0.00453  Y  -2.29281613E+02       0
010011001011    3    2    1.558458      0.00453  Y  -2.29275919E+02       0
100011000111    3    2   -1.558458      0.00453  Y  -2.29275919E+02       0
101100000111    3    2    1.558454      0.00453  Y  -2.29224622E+02       0
011100001011    3    2   -1.558454      0.00453  Y  -2.29224622E+02       0
001101011010    3    4   -1.478090      0.00429  Y  -2.29390053E+02       0
001110100101    3    4   -1.478090      0.00429  Y  -2.29390053E+02       0
001110011001    3    4    1.478083      0.00429  Y  -2.29359046E+02       0
001101100110    3    4    1.478083      0.00429  Y  -2.29359046E+02       0
000111110010    3    2   -1.478082      0.00429  Y  -2.29302748E+02       0
001011110001    3    2    1.478082      0.00429  Y  -2.29302748E+02       0
001011001101    3    2   -1.478079      0.00429  Y  -2.29354045E+02       0
000111001110    3    2    1.478079      0.00429  Y  -2.29354045E+02       0
000110011011    4    4    1.256896      0.00365  Y  -2.28936247E+02       0
001001100111    4    4    1.256896      0.00365  Y  -2.28936247E+02       0
001100001111    4    0   0.5899804      0.00171  Y  -2.28822958E+02       0
000011110011    4    0   0.5899796      0.00171  Y  -2.28822958E+02       0
101111000100    1    2   0.5109152E-04  0.00000  Y  -2.30200956E+02       0
011111001000    1    2  -0.5109152E-04  0.00000  Y  -2.30200956E+02       0
110111000010    1    2  -0.2073070E-04  0.00000  Y  -2.30125633E+02       0
111011000001    1    2   0.2073070E-04  0.00000  Y  -2.30125633E+02       0
001110010110    3    4   0.4589005E-05  0.00000  Y  -2.29279181E+02       0
001101101001    3    4   0.4589005E-05  0.00000  Y  -2.29279181E+02       0
100101101100    3    4   0.3689475E-05  0.00000  Y  -2.29602820E+02       0
011010011100    3    4   0.3689475E-05  0.00000  Y  -2.29602820E+02       0
110001101001    3    4  -0.2832760E-05  0.00000  Y  -2.29525560E+02       0
110010010110    3    4  -0.2832760E-05  0.00000  Y  -2.29525560E+02       0
100101100011    3    4  -0.2804679E-05  0.00000  Y  -2.29214651E+02       0
011010010011    3    4  -0.2804679E-05  0.00000  Y  -2.29214651E+02       0
100000110111    5    2   0.7961251E-06  0.00000  Y  -2.28786862E+02       0
010000111011    5    2  -0.7961251E-06  0.00000  Y  -2.28786862E+02       0
000100111110    5    2  -0.3052761E-06  0.00000  Y  -2.28853328E+02       0
001000111101    5    2   0.3052761E-06  0.00000  Y  -2.28853328E+02       0
