# No.Blocks      Mean       Error        Error_in_Error
        1963  -10014.057730395965        7.9797779758619250E-002   1.2738735159182311E-003
         981  -10014.057915402893       0.11197776591106941        2.5293199112581361E-003
         490  -10014.059841206181       0.15582945129611869        4.9828763930602170E-003
         245  -10014.059841206174       0.21377744331894369        9.6772501589713917E-003
         122  -10014.064256795291       0.29119779593711231        1.8718903288518964E-002
          61  -10014.064256795289       0.38007059535628979        3.4695539753509690E-002
          30  -10014.063898568387       0.43605414458079128        5.7256714258601418E-002
          15  -10014.063898568385       0.53078682313749970       0.10030928094370348     
           7  -10014.224452535434       0.66740648145530657       0.19266365586356113     
           3  -10014.483969755598       0.56028975909353684       0.28014487954676842     
