# Block_length   Mean       Error        Error_in_Error
        1963 -0.69166598129125401        8.7816885804864457E-006   1.4018886918360565E-007
         981 -0.69166587247763167        1.2256476564041931E-005   2.7684558593462210E-007
         490 -0.69166582430238310        1.6869544430718217E-005   5.3942854836709517E-007
         245 -0.69166582430238310        2.2609394965548524E-005   1.0234792203879492E-006
         122 -0.69166415513976565        2.9575404160562263E-005   1.9011789852969463E-006
          61 -0.69166415513976520        3.7748053832136569E-005   3.4459100976300879E-006
          30 -0.69165726633220559        4.0019068153802532E-005   5.2547610856459332E-006
          15 -0.69165726633220548        4.4539256041463566E-005   8.4171282189674081E-006
           7 -0.69164962444802625        6.0427792118444164E-005   1.7444001023059243E-005
           3 -0.69165038527099754        9.0855093877940615E-005   4.5427546938970307E-005
