# No.Blocks      Mean       Error        Error_in_Error
        1963   14478.170101269070       0.22127586173434644        3.5323972775686361E-003
         981   14478.172646470633       0.31065346173579800        7.0169464435791895E-003
         490   14478.176439187813       0.43329001851160948        1.3855086998204038E-002
         245   14478.176439187802       0.59454576351066590        2.6913822127928463E-002
         122   14478.217762740262       0.80098704111860364        5.1489397128864786E-002
          61   14478.217762740267        1.0372755973907450        9.4689873840092975E-002
          30   14478.361445795315        1.1663654621223434       0.15315128824206675     
          15   14478.361445795314        1.3623499916666233       0.25745994832720015     
           7   14478.753545955189        1.7098471189051787       0.49359034718650552     
           3   14479.112833620116        2.3428350217242166        1.1714175108621083     
