# No.Blocks      Mean       Error        Error_in_Error
        1963 -0.67679618920020312        4.5789621006019210E-006   7.3097504316466304E-008
         981 -0.67679632094801290        5.9517387012477764E-006   1.3443607381511005E-007
         490 -0.67679663719387750        6.6932525965018470E-006   2.1402661742369081E-007
         245 -0.67679663719387739        6.9361344231390959E-006   3.1398405232504597E-007
         122 -0.67679623094262309        7.1132070066188941E-006   4.5725426457853484E-007
          61 -0.67679623094262298        7.5584425874951966E-006   6.8998825079647239E-007
          30 -0.67679738187500016        6.7069417755344597E-006   8.8066459994328385E-007
          15 -0.67679738187499983        6.5498899282089915E-006   1.2378128474919783E-006
           7 -0.67679869436383921        5.2773550200608072E-006   1.5234411707206651E-006
           3 -0.67679611210937496        2.6541583738153243E-006   1.3270791869076621E-006
