# of blocks mean (X_5)     std.err. (X_5)  std.err.err. (X_5)  mean (X_6)     std.err. (X_6)  std.err.err. (X_6)  cov(X_5,X_6)   mean (X_5/X_6)   std.err. (X_5/X_6) 
# from 50000 to 0
2049        -59878608.8959 1.03338595e+02  1.61466555e+00       259551.535442  4.47934479e-01  6.99897623e-03       -9.48460e+04   -230.700268422097 1.180592202931e-08 
1024        -59878609.5575 1.42732386e+02  3.15551109e+00       259551.538310  6.18691895e-01  1.36779689e-02       -9.04267e+04   -230.700268421708 1.634675332356e-08 
512         -59878609.5575 1.92120995e+02  6.00965276e+00       259551.538310  8.32772965e-01  2.60496067e-02       -8.19165e+04   -230.700268421707 2.227052403113e-08 
256         -59878609.5575 2.54800499e+02  1.12827557e+01       259551.538310  1.10446484e+00  4.89065253e-02       -7.20431e+04   -230.700268421708 2.948590564042e-08 
128         -59878609.5575 3.28510393e+02  2.06125753e+01       259551.538310  1.42396887e+00  8.93477536e-02       -5.98769e+04   -230.700268421708 3.759897744369e-08 
64          -59878609.5575 4.11727187e+02  3.66795731e+01       259551.538310  1.78468086e+00  1.58992007e-01       -4.70273e+04   -230.700268421708 4.600422152073e-08 
32          -59878609.5575 4.70982493e+02  5.98148365e+01       259551.538310  2.04153022e+00  2.59274598e-01       -3.07688e+04   -230.700268421708 5.121836866914e-08 
16          -59878609.5575 4.25315978e+02  7.76517184e+01       259551.538310  1.84357595e+00  3.36589378e-01       -1.25456e+04   -230.700268421708 4.307923582473e-08 
8           -59878609.5575 5.13528175e+02  1.37246178e+02       259551.538310  2.22593561e+00  5.94906314e-01       -9.14465e+03   -230.700268421708 5.010529889346e-08 
4           -59878609.5575 1.24238837e+02  5.07202930e+01       259551.538310  5.38508969e-01  2.19845366e-01       -2.67615e+02   -230.700268421708 2.623269949762e-08 
2           -59878609.5575 1.66790914e+02  1.17938987e+02       259551.538310  7.22927107e-01  5.11186660e-01       -2.41155e+02   -230.700268421708 4.406325240476e-08 
