# of blocks mean (X_1)     std.err. (X_1)  std.err.err. (X_1)  
# from 50000 to 0
2049        -0.683523997267 4.54255582e-06  7.09774346e-08       
1024        -0.683524045508 5.94341507e-06  1.31396333e-07       
512         -0.683524045508 6.95923174e-06  2.17688682e-07       
256         -0.683524045508 7.55425756e-06  3.34508147e-07       
128         -0.683524045508 7.79436101e-06  4.89061707e-07       
64          -0.683524045508 7.84781615e-06  6.99139030e-07       
32          -0.683524045508 7.89382926e-06  1.00251732e-06       
16          -0.683524045508 8.59581501e-06  1.56937393e-06       
8           -0.683524045508 7.88486171e-06  2.10731793e-06       
4           -0.683524045508 6.96560111e-06  2.84369475e-06       
2           -0.683524045508 8.48378906e-06  5.99894478e-06       
