# No.Blocks      Mean       Error        Error_in_Error
        2001   946.83030008017602        5.0324686729926571E-002   7.9570316300509448E-004
        1000   946.82976430852125        7.0278914266814568E-002   1.5722706288013293E-003
         500   946.82976430852045        9.6955571586380906E-002   3.0690749916302685E-003
         250   946.82976430851966       0.13098590446662298        5.8696187298677774E-003
         125   946.82976430852000       0.17172355724270585        1.0904456789374063E-002
          62   946.84117616470724       0.22258685726208358        2.0152067181482318E-002
          31   946.84117616470712       0.24223150143628266        3.1271952366318023E-002
          15   946.92485477226523       0.27234220828318151        5.1467839615960943E-002
           7   947.00385037643355       0.31110976363025683        8.9809652889724811E-002
           3   946.99111416804101       0.19238144704694432        9.6190723523472160E-002
