# No.Blocks      Mean       Error        Error_in_Error
        2257  -1.1888892277359333        1.2607755926050201E-005   1.8769523493404032E-007
        1128  -1.1888890868794324        1.6371492708243958E-005   3.4483498715416051E-007
         564  -1.1888890868794322        1.9065386964146318E-005   5.6816755409971468E-007
         282  -1.1888890868794326        2.0664207549819661E-005   8.7166698567640615E-007
         141  -1.1888890868794328        2.1987105428414115E-005   1.3139808722246049E-006
          70  -1.1888882602678570        2.4282559712039715E-005   2.0670687538413088E-006
          35  -1.1888882602678568        2.2550842457356090E-005   2.7346913352453671E-006
          17  -1.1888856240808823        2.3723989545657292E-005   4.1938484711332575E-006
           8  -1.1888738666992187        2.0846243025498692E-005   5.5713928002029955E-006
           4  -1.1888738666992187        2.9694841638654526E-005   1.2122868334575847E-005
           2  -1.1888738666992187        1.0789553568307114E-005   7.6293664941254710E-006
