# No.Blocks      Mean       Error        Error_in_Error
        2001  -794.81914038338005        9.8083523671061254E-002   1.5508366786779672E-003
        1000  -794.81932914987181       0.13674062455085190        3.0591432720350575E-003
         500  -794.81932914987135       0.18867448925152988        5.9723865998209721E-003
         250  -794.81932914987203       0.25646313996548442        1.1492388100779885E-002
         125  -794.81932914987169       0.33470965855829043        2.1254084572546642E-002
          62  -794.80359307452227       0.40861784176153709        3.6994521150164543E-002
          31  -794.80359307452238       0.47252387700080650        6.1002570210316180E-002
          15  -795.00892477669947       0.45000963230010499        8.5043826760692651E-002
           7  -795.22910121741359       0.48078134767146519       0.13878962024973573     
           3  -795.24092579009709       0.67625357880078951       0.33812678940039476     
