# Block_length   Mean       Error        Error_in_Error
        2001  -1.1912525151614664        1.2959654397165762E-004   2.0491012791830096E-006
        1000  -1.1912515581638381        1.7942765648949351E-004   4.0141319375261832E-006
         500  -1.1912515581638377        2.4470332024160231E-004   7.7459482547972255E-006
         250  -1.1912515581638357        3.2654101148858641E-004   1.4632652611806565E-005
         125  -1.1912515581638365        4.0819874713518561E-004   2.5920646363743611E-005
          62  -1.1912895014755296        4.6456467151790394E-004   4.2059709120870989E-005
          31  -1.1912895014755291        5.5479174941335506E-004   7.1623306869706744E-005
          15  -1.1910870749510587        5.1404688093375118E-004   9.7145729227081110E-005
           7  -1.1908566335495878        6.1962851153842999E-004   1.7887134396713986E-004
           3  -1.1908229109652213        9.3585909172869510E-004   4.6792954586434755E-004
