# of blocks mean (X_1)     std.err. (X_1)  std.err.err. (X_1)  
# from 50000 to 0
2049        -1.18891565447 1.27215078e-05  1.98773560e-07       
1024        -1.18891593750 1.64559784e-05  3.63806869e-07       
512         -1.18891593750 1.89410056e-05  5.92485307e-07       
256         -1.18891593750 2.12295086e-05  9.40058441e-07       
128         -1.18891593750 2.21530884e-05  1.39000839e-06       
64          -1.18891593750 2.24147474e-05  1.99686441e-06       
32          -1.18891593750 2.25763567e-05  2.86720017e-06       
16          -1.18891593750 1.77904169e-05  3.24807089e-06       
8           -1.18891593750 1.49919163e-05  4.00675816e-06       
4           -1.18891593750 7.30615520e-06  2.98272537e-06       
2           -1.18891593750 1.80078125e-06  1.27334463e-06       
