# of blocks mean (X_5)     std.err. (X_5)  std.err.err. (X_5)  mean (X_6)     std.err. (X_6)  std.err.err. (X_6)  cov(X_5,X_6)   mean (X_5/X_6)   std.err. (X_5/X_6) 
# from 50000 to 0
2049        -34739539.7304 2.69547265e+02  4.21167602e+00       90621.0552764  7.03132610e-01  1.09864470e-02       -3.88342e+05   -383.349538629845 1.846642861856e-07 
1024        -34739545.9770 3.77012557e+02  8.33495004e+00       90621.0715709  9.83463137e-01  2.17422894e-02       -3.79677e+05   -383.349538632118 2.577820066318e-07 
512         -34739545.9770 5.21478685e+02  1.63121465e+01       90621.0715709  1.36031264e+00  4.25513443e-02       -3.63200e+05   -383.349538632118 3.548713255932e-07 
256         -34739545.9770 7.16435726e+02  3.17243072e+01       90621.0715709  1.86887108e+00  8.27550026e-02       -3.42765e+05   -383.349538632118 4.787073917908e-07 
128         -34739545.9770 9.64535452e+02  6.05203368e+01       90621.0715709  2.51605512e+00  1.57871339e-01       -3.10634e+05   -383.349538632118 6.230247584881e-07 
64          -34739545.9770 1.26606028e+03  1.12789614e+02       90621.0715709  3.30259521e+00  2.94218566e-01       -2.67602e+05   -383.349538632118 7.944790907260e-07 
32          -34739545.9770 1.55452382e+03  1.97424722e+02       90621.0715709  4.05508425e+00  5.14996215e-01       -2.01719e+05   -383.349538632118 8.704272194917e-07 
16          -34739545.9770 1.67998625e+03  3.06722122e+02       90621.0715709  4.38235894e+00  8.00105616e-01       -1.17797e+05   -383.349538632118 9.326792555590e-07 
8           -34739545.9770 1.30086851e+03  3.47671734e+02       90621.0715709  3.39342132e+00  9.06929997e-01       -3.53152e+04   -383.349538632118 9.063272304466e-07 
4           -34739545.9770 1.24031732e+03  5.06357427e+02       90621.0715709  3.23555306e+00  1.32090901e+00       -1.60524e+04   -383.349538632118 1.267711404273e-06 
2           -34739545.9770 5.63536030e+02  3.98480148e+02       90621.0715709  1.47010496e+00  1.03952119e+00       -1.65691e+03   -383.349538632118 3.093003771943e-07 
