# No.Blocks      Mean       Error        Error_in_Error
        2257  -1.1894684807266314        1.2271900024752453E-005   1.8269525296517826E-007
        1128  -1.1894686972517732        1.5958252803799723E-005   3.3613085860094327E-007
         564  -1.1894686972517723        1.9024345494830881E-005   5.6694447736482006E-007
         282  -1.1894686972517730        2.0886799891913403E-005   8.8105647692109688E-007
         141  -1.1894686972517736        2.2751598448451591E-005   1.3596680686838672E-006
          70  -1.1894656513392849        2.1520661304193173E-005   1.8319603481441527E-006
          35  -1.1894656513392858        2.4589443621641139E-005   2.9819080390352025E-006
          17  -1.1894585091911762        1.9752179943921407E-005   3.4917250953909367E-006
           8  -1.1894654521484374        1.4831394306954027E-005   3.9638568617693943E-006
           4  -1.1894654521484376        1.3672848411631628E-005   5.5819169898201570E-006
           2  -1.1894654521484376        2.0941404000619415E-005   1.4807808776405083E-005
