# Block_length   Mean       Error        Error_in_Error
        2257  -1.1900451751480416        1.0621387473713122E-004   1.5812360493788634E-006
        1128  -1.1900439173545059        1.4637462921103655E-004   3.0831088089032822E-006
         564  -1.1900439173545041        1.9637909630757205E-004   5.8522930080156133E-006
         282  -1.1900439173545028        2.5448931403178153E-004   1.0734983798150793E-005
         141  -1.1900439173545039        3.1530145220656699E-004   1.8842865812098493E-005
          70  -1.1900491783594944        3.7330095946739862E-004   3.1777487968512999E-005
          35  -1.1900491783594942        3.8517210164530717E-004   4.6708978209551271E-005
          17  -1.1901136418208038        4.2695807307853938E-004   7.5476237189044169E-005
           8  -1.1898533392530046        3.5803940584871048E-004   9.5690056260712913E-005
           4  -1.1898533392530046        4.4488686585022303E-004   1.8162430243317954E-004
           2  -1.1898533392530046        9.3007535761615245E-004   6.5766259238488457E-004
