# No.Blocks      Mean       Error        Error_in_Error
        2257  -805.17318236163919        9.2445866245798883E-002   1.3762678057428154E-003
        1128  -805.17478708675833       0.12898250677521148        2.7167761583856359E-003
         564  -805.17478708675867       0.17745701370026445        5.2883960667322030E-003
         282  -805.17478708675958       0.23954659341604836        1.0104663172231871E-002
         141  -805.17478708675890       0.31299802085528994        1.8705209459564286E-002
          70  -805.16307874985500       0.39654117352087187        3.3755826367438034E-002
          35  -805.16307874985512       0.43371101758862296        5.2595186368000334E-002
          17  -805.09192271241091       0.50018176916286816        8.8420480200237100E-002
           8  -805.28144209525499       0.47021698752861474       0.12567077605521654     
           4  -805.28144209525487       0.44416324952207120       0.18132888730425981     
           2  -805.28144209525487       0.67452641249567069       0.47696220036512310     
