# No.Blocks      Mean       Error        Error_in_Error
        2257   958.19246082806296        5.5732461731158200E-002   8.2970494982918959E-004
        1128   958.19335777980609        7.8097756902028498E-002   1.6449837212778142E-003
         564   958.19335777980507       0.10856611801176169        3.2353786390406790E-003
         282   958.19335777980507       0.14923927769869255        6.2952789756159184E-003
         141   958.19335777980518       0.20201006675472019        1.2072410557939612E-002
          70   958.18366031166579       0.26335586424412943        2.2418339935142959E-002
          35   958.18366031166579       0.30563283217956655        3.7063424992147917E-002
          17   958.15088013978050       0.37542932545273677        6.6367155470980363E-002
           8   958.16681291551424       0.46061713680347444       0.12310510802824166     
           4   958.16681291551413       0.46363225490111259       0.18927707546728520     
           2   958.16681291551413       0.68030928422190462       0.48105130817747505     
