       10230
        7161
        4092
       13299
        4086
        4089
        3069
        2046
        7155
       10227
        5115
        9207
        8184
       12276
       14322
       15345
        7164
       10236
       13302
       13305
        3063
        2043
       11253
        6138
       10233
        7158
       12273
        8178
        4083
        9213
        5118
        1023
       15348
       14328
       16368
       13308
       12246
        8169
       15315
       14307
       10110
        7101
        7035
       10167
       13179
       13239
        3966
        4029
       14310
       15321
       12252
        8172
       11223
        6123
        8163
       12243
       10107
        7095
        3963
        4023
        9087
        5055
        8166
       12249
        2943
        1983
       15318
       14313
       16338
       16353
        6126
       11229
       14202
       15285
        8058
       12213
        7038
       10173
       13245
       13182
       16344
       16356
       15324
       14316
        7131
       10215
        4062
        4077
       14262
       15225
        8124
       12156
        7149
       10206
       13275
       13287
        8121
       12150
       14259
       15219
        4059
        4071
       12153
        8118
        3039
        2031
       11133
        6078
        7134
       10221
        8154
       12261
       16248
       16308
       14268
       15228
       10203
        7143
        5103
        9183
       12147
        8115
       14298
       15333
       11127
        6075
       13278
       13293
       15222
       14265
       16242
       16305
       16203
       16263
        7983
       12063
       14127
       15135
       16206
       16269
        3903
       16332
       10047
        6975
       16329
       16326
       13119
       16323
       12111
        8079
       16158
       16173
       15183
       14223
       16143
       14286
       15309
       16167
       16155
        7995
       12087
       14190
       15261
        8046
       12189
       12183
        8043
       15165
       14142
       14070
       14841
        7932
       11772
        6909
        9726
       13215
       13167
       12231
        8139
       13263
       14283
       15303
       10749
        5886
       15213
       14238
       13047
       12795
       14844
       14076
        8091
       12135
       16179
       12798
       13053
       14187
       15255
       16275
       16227
       14139
       15159
       12126
        8109
       16236
       16284
       10743
        5883
       12093
        7998
       14835
       14067
        4863
        8703
       16188
       11769
        7926
       16083
       15843
        3999
        3951
       15846
       16089
        4047
       11766
        7929
       12237
        8142
       15195
       14247
       15093
       13818
        7923
       11763
        8094
       12141
       11703
        7803
       15849
       16086
        9723
        6903
        7869
       11646
       13947
       14775
       16092
       15852
       14838
       14073
       15864
       16116
       14715
       14007
        7023
       10143
       16218
       16293
       11103
        6063
        7659
       11991
       14253
       15198
       11997
        7662
       15723
       16023
       15963
       15783
        7806
       11709
       16230
       16281
       15789
       15966
       14655
       13887
       15738
       16053
       11583
        7743
       16029
       15726
       13950
       14781
        3711
        3519
       11643
        7863
       12123
        8103
       10623
        5823
        3831
        3579
        7899
       11751
        9855
        6591
       14718
       14013
       14235
       15207
        2559
        1791
       14823
       14043
       15663
       15903
       15795
       15987
       14829
       14046
       15993
       15798
       11742
        7917
       15804
       15996
       11757
        7902
       11895
        7611
        9975
        6651
        3807
        3567
        7839
       11631
       15858
       16113
        7599
       11871
       14811
       14055
       14943
       13743
       15603
       14061
       14814
       14703
       13983
       15990
       15801
       15612
       15609
       15606
       15933
       15678
       16101
       15834
        5871
       10719
       15675
       15927
        7911
       11739
        9951
        6639
        3327
       11511
        7419
       11901
        7614
        7119
       10191
       16182
       16185
        6654
        9981
       13566
       14589
       12021
        7674
       12543
       13803
       15063
       16278
       16233
       15069
       13806
       13758
       14973
       12783
       13023
        3582
        3837
       15822
       16077
       11517
        7422
       15759
       15951
       15423
       15549
       15486
       15543
       15483
        9471
        6399
       12735
       12927
       13563
       14583
       13935
       14751
        7071
       10095
       13755
       14967
       14463
       13503
       11391
        7359
       15774
       15981
        9663
        6783
       15582
       15597
        6879
        9711
       15819
       16071
       14559
       13551
       14799
       14031
       15567
        7791
       11679
       11487
        7407
        7887
       11727
       15471
       15519
       15591
       15579
       15771
       15975
