# of blocks mean (X_5)     std.err. (X_5)  std.err.err. (X_5)  mean (X_6)     std.err. (X_6)  std.err.err. (X_6)  cov(X_5,X_6)   mean (X_5/X_6)   std.err. (X_5/X_6) 
# from 50000 to 0
2049        -59811110.6918 1.02544172e+02  1.60225269e+00       259259.053742  4.44490954e-01  6.94517115e-03       -9.33933e+04   -230.700181260525 3.240282637118e-08 
1024        -59811106.8223 1.41326851e+02  3.12443770e+00       259259.036970  6.12599432e-01  1.35432774e-02       -8.86546e+04   -230.700181260009 4.512775568350e-08 
512         -59811106.8223 1.89939316e+02  5.94140863e+00       259259.036970  8.23316487e-01  2.57538027e-02       -8.00666e+04   -230.700181260009 6.210852213776e-08 
256         -59811106.8223 2.51770311e+02  1.11485768e+01       259259.036970  1.09133043e+00  4.83249235e-02       -7.03397e+04   -230.700181260009 8.384697416210e-08 
128         -59811106.8223 3.29662443e+02  2.06848614e+01       259259.036970  1.42896204e+00  8.96610527e-02       -6.02976e+04   -230.700181260009 1.080729682116e-07 
64          -59811106.8223 4.08611736e+02  3.64020266e+01       259259.036970  1.77117622e+00  1.57788919e-01       -4.63183e+04   -230.700181260009 1.369042059444e-07 
32          -59811106.8223 4.99933421e+02  6.34916079e+01       259259.036970  2.16703614e+00  2.75213865e-01       -3.46680e+04   -230.700181260009 1.576915044067e-07 
16          -59811106.8223 5.65052953e+02  1.03164083e+02       259259.036970  2.44924806e+00  4.47169470e-01       -2.21433e+04   -230.700181260009 1.805080236346e-07 
8           -59811106.8223 7.10480801e+02  1.89883981e+02       259259.036970  3.07964483e+00  8.23069702e-01       -1.75042e+04   -230.700181260009 1.714043623199e-07 
4           -59811106.8223 6.49292120e+02  2.65072398e+02       259259.036970  2.81456514e+00  1.14904141e+00       -7.30990e+03   -230.700181260009 2.201828446242e-07 
2           -59811106.8223 8.13061256e+02  5.74921127e+02       259259.036970  3.52450864e+00  2.49220396e+00       -5.73128e+03   -230.700181260009 1.678837812835e-07 
