# of blocks mean (X_1)     std.err. (X_1)  std.err.err. (X_1)  
# from 50000 to 0
2049        -0.683438060420 4.57065599e-06  7.14164999e-08       
1024        -0.683437889551 5.92592972e-06  1.31009769e-07       
512         -0.683437889551 6.79671683e-06  2.12605125e-07       
256         -0.683437889551 7.31598477e-06  3.23957251e-07       
128         -0.683437889551 7.56453306e-06  4.74641018e-07       
64          -0.683437889551 7.79398947e-06  6.94343768e-07       
32          -0.683437889551 7.04695397e-06  8.94964050e-07       
16          -0.683437889551 7.57829872e-06  1.38360172e-06       
8           -0.683437889551 8.01539207e-06  2.14220364e-06       
4           -0.683437889551 1.03215401e-05  4.21375109e-06       
2           -0.683437889551 1.00995117e-05  7.14143322e-06       
