# No.Blocks      Mean       Error        Error_in_Error
        2246  -1.1615404296527170        1.2437999531320175E-005   1.8562111009391977E-007
        1123  -1.1615404296527161        1.6183583914480865E-005   3.4163572420887666E-007
         561  -1.1615400797682705        1.9355410269169712E-005   5.7835350247790894E-007
         280  -1.1615406607142855        2.1495089092651279E-005   9.0995968154904076E-007
         140  -1.1615406607142860        2.3048926143937102E-005   1.3823827260921933E-006
          70  -1.1615406607142860        2.4824149840126365E-005   2.1131719671941315E-006
          35  -1.1615406607142860        2.2808152479535714E-005   2.7658947587740910E-006
          17  -1.1615388653492646        1.8957956548970910E-005   3.3513249083043120E-006
           8  -1.1615378320312499        2.5136357846764300E-005   6.7179742152813404E-006
           4  -1.1615378320312499        2.7026309814073212E-005   1.1033444779142114E-005
           2  -1.1615378320312499        4.5632812845902139E-005   3.2267271407953994E-005
