# Block_length   Mean       Error        Error_in_Error
        2246  -1.2231636553174485        2.9956825296504881E-004   4.4706700240859772E-006
        1123  -1.2231636553174512        4.1248830734934186E-004   8.7076349931915900E-006
         561  -1.2231669791281159        5.5368445901881334E-004   1.6544487649078059E-005
         280  -1.2231797710855385        7.1922802529851581E-004   3.0447350185002579E-005
         140  -1.2231797710855374        8.8372250220061690E-004   5.3002153509110431E-005
          70  -1.2231797710855383        9.5684589389143961E-004   8.1452131610478055E-005
          35  -1.2231797710855374        1.1115848991993355E-003   1.3479946915413002E-004
          17  -1.2233582138090358        1.0443266434595041E-003   1.8461261284100029E-004
           8  -1.2236673526225070        8.1617703677064064E-004   2.1813248846772387E-004
           4  -1.2236673526225070        7.0144161141757263E-004   2.8636233872144132E-004
           2  -1.2236673526225070        1.2699221194802082E-003   8.9797054226324819E-004
