# No.Blocks      Mean       Error        Error_in_Error
        2246   182.71841474165132        2.1020243313680069E-002   3.1370003580595492E-004
        1123   182.71841474165166        2.9273179514744518E-002   6.1795730391138145E-004
         561   182.71933624570966        4.0275363080292947E-002   1.2034566551224080E-003
         280   182.72013296249077        5.4216403352621650E-002   2.2951633704255013E-003
         140   182.72013296249057        7.1287446251952477E-002   4.2755369022624470E-003
          70   182.72013296249062        8.8004799198173514E-002   7.4914660055557490E-003
          35   182.72013296249057       0.10022599330675502        1.2154186965770577E-002
          17   182.71520316667508       0.10825431486389142        1.9136840033240322E-002
           8   182.72599317142678       0.11409514767750624        3.0493210864471782E-002
           4   182.72599317142678        8.1851591979775040E-002   3.3415772497488803E-002
           2   182.72599317142678       0.10257450345408192        7.2531126969224258E-002
