# No.Blocks      Mean       Error        Error_in_Error
        2246  -149.38182143274219        4.0621611185993424E-002   6.0622518461755925E-004
        1123  -149.38182143274216        5.6334581061498475E-002   1.1892239383223210E-003
         561  -149.38216888094345        7.6766242546562280E-002   2.2938302330688600E-003
         280  -149.38125799802236       0.10201710255767110        4.3187283270052302E-003
         140  -149.38125799802233       0.13064261036095862        7.8354230790091527E-003
          70  -149.38125799802228       0.15286915544354690        1.3013086692289361E-002
          35  -149.38125799802233       0.17383745953372784        2.1080888451370461E-002
          17  -149.35543907272660       0.15840980010551217        2.8003160965253279E-002
           8  -149.32652471263282        8.5150808348506607E-002   2.2757510789068711E-002
           4  -149.32652471263282       0.10365621396328766        4.2317472146468596E-002
           2  -149.32652471263282       0.17882878626703458       0.12645104744077990     
