# of blocks mean (X_5)     std.err. (X_5)  std.err.err. (X_5)  mean (X_6)     std.err. (X_6)  std.err.err. (X_6)  cov(X_5,X_6)   mean (X_5/X_6)   std.err. (X_5/X_6) 
# from 50000 to 0
2049        -434445695.809 2.49291532e+03  3.89518018e+01       1133323.25051  6.50212509e+00  1.01595705e-01       -3.32127e+07   -383.337847885357 1.746169865448e-06 
1024        -434445570.446 3.46300915e+03  7.65598060e+01       1133322.92355  9.03231254e+00  1.99685322e-01       -3.20297e+07   -383.337847862988 2.443909563349e-06 
512         -434445570.446 4.74363351e+03  1.48383524e+02       1133322.92355  1.23723295e+01  3.87013425e-01       -3.00492e+07   -383.337847862989 3.381211404548e-06 
256         -434445570.446 6.38038211e+03  2.82528068e+02       1133322.92355  1.66410267e+01  7.36877049e-01       -2.71811e+07   -383.337847862989 4.621062718905e-06 
128         -434445570.446 8.40917551e+03  5.27638599e+02       1133322.92355  2.19326096e+01  1.37617432e+00       -2.36077e+07   -383.337847862988 6.100685501850e-06 
64          -434445570.446 1.07852351e+04  9.60825107e+02       1133322.92355  2.81291132e+01  2.50594058e+00       -1.94163e+07   -383.337847862988 7.674692722348e-06 
32          -434445570.446 1.33949543e+04  1.70116089e+03       1133322.92355  3.49336317e+01  4.43657566e+00       -1.49739e+07   -383.337847862989 9.866634833408e-06 
16          -434445570.446 1.36662997e+04  2.49511355e+03       1133322.92355  3.56473790e+01  6.50829120e+00       -7.79468e+06   -383.337847862989 9.235383667477e-06 
8           -434445570.446 1.58081965e+04  4.22491824e+03       1133322.92355  4.12337891e+01  1.10201937e+01       -5.21465e+06   -383.337847862989 1.198532782755e-05 
4           -434445570.446 2.09295492e+04  8.54445267e+03       1133322.92355  5.45778620e+01  2.22813189e+01       -4.56916e+06   -383.337847862989 8.277016242960e-06 
2           -434445570.446 3.07872168e+04  2.17698498e+04       1133322.92355  8.02951950e+01  5.67772769e+01       -4.94413e+06   -383.337847862989 6.202637334739e-06 
