# of blocks mean (X_1)     std.err. (X_1)  std.err.err. (X_1)  
# from 50000 to 0
2049        -1.16154341728 1.31490328e-05  2.05453637e-07       
1024        -1.16154302832 1.72212316e-05  3.80724997e-07       
512         -1.16154302832 2.04427951e-05  6.39462127e-07       
256         -1.16154302832 2.15101330e-05  9.52484698e-07       
128         -1.16154302832 2.23755650e-05  1.40396782e-06       
64          -1.16154302832 2.49731607e-05  2.22478598e-06       
32          -1.16154302832 2.55338104e-05  3.24279717e-06       
16          -1.16154302832 2.81863505e-05  5.14609999e-06       
8           -1.16154302832 2.33457078e-05  6.23940287e-06       
4           -1.16154302832 2.79204390e-05  1.13984715e-05       
2           -1.16154302832 4.03662109e-05  2.85432215e-05       
