# of blocks mean (X_5)     std.err. (X_5)  std.err.err. (X_5)  mean (X_6)     std.err. (X_6)  std.err.err. (X_6)  cov(X_5,X_6)   mean (X_5/X_6)   std.err. (X_5/X_6) 
# from 50000 to 0
2049        -60160118.8425 1.10183466e+02  1.72161666e+00       260772.026306  4.77600796e-01  7.46251243e-03       -1.07826e+05   -230.700047450484 5.024201201635e-08 
1024        -60160121.9629 1.52297187e+02  3.36696861e+00       260772.039831  6.60146430e-01  1.45944410e-02       -1.02951e+05   -230.700047450530 6.999838500918e-08 
512         -60160121.9629 2.05492367e+02  6.42791679e+00       260772.039831  8.90724742e-01  2.78623708e-02       -9.37150e+04   -230.700047450530 9.613850152026e-08 
256         -60160121.9629 2.73883731e+02  1.21277755e+01       260772.039831  1.18717171e+00  5.25688471e-02       -8.32376e+04   -230.700047450530 1.282319694820e-07 
128         -60160121.9629 3.57921670e+02  2.24580030e+01       260772.039831  1.55143984e+00  9.73459937e-02       -7.10776e+04   -230.700047450530 1.617515199137e-07 
64          -60160121.9629 4.43755803e+02  3.95329090e+01       260772.039831  1.92351098e+00  1.71359978e-01       -5.46284e+04   -230.700047450530 1.836469028562e-07 
32          -60160121.9629 5.30769455e+02  6.74077882e+01       260772.039831  2.30069088e+00  2.92188034e-01       -3.90764e+04   -230.700047450531 1.967334102489e-07 
16          -60160121.9629 6.40553142e+02  1.16948468e+02       260772.039831  2.77660616e+00  5.06936608e-01       -2.84570e+04   -230.700047450530 1.644303037262e-07 
8           -60160121.9629 7.32310376e+02  1.95718181e+02       260772.039831  3.17434439e+00  8.48379225e-01       -1.85968e+04   -230.700047450530 1.926651481235e-07 
4           -60160121.9629 7.12064208e+02  2.90698996e+02       260772.039831  3.08656307e+00  1.26008410e+00       -8.79132e+03   -230.700047450530 3.891947041169e-08 
2           -60160121.9629 3.33146841e+02  2.35570390e+02       260772.039831  1.44407163e+00  1.02111284e+00       -9.62176e+02   -230.700047450530 2.116971836373e-09 
