# of blocks mean (X_1)     std.err. (X_1)  std.err.err. (X_1)  
# from 50000 to 0
2049        -0.683307643338 4.54815126e-06  7.10648635e-08       
1024        -0.683307684961 5.90728494e-06  1.30597573e-07       
512         -0.683307684961 6.78655812e-06  2.12287355e-07       
256         -0.683307684961 6.90994962e-06  3.05977712e-07       
128         -0.683307684961 6.94934611e-06  4.36040756e-07       
64          -0.683307684961 7.03220813e-06  6.26478893e-07       
32          -0.683307684961 7.48233826e-06  9.50257909e-07       
16          -0.683307684961 7.10942177e-06  1.29799689e-06       
8           -0.683307684961 7.77629292e-06  2.07830170e-06       
4           -0.683307684961 9.70504852e-06  3.96206947e-06       
2           -0.683307684961 1.90400391e-06  1.34633407e-06       
