# of blocks mean (X_1)     std.err. (X_1)  std.err.err. (X_1)  
# from 50000 to 0
2049        -4.61749760566 2.68605680e-05  4.19696375e-07       
1024        -4.61749818066 3.49047144e-05  7.71669391e-07       
512         -4.61749818066 4.12012482e-05  1.28879821e-06       
256         -4.61749818066 4.43699583e-05  1.96473478e-06       
128         -4.61749818066 4.51786155e-05  2.83475846e-06       
64          -4.61749818066 5.02721295e-05  4.47859726e-06       
32          -4.61749818066 5.21533143e-05  6.62347754e-06       
16          -4.61749818066 4.35097204e-05  7.94375178e-06       
8           -4.61749818066 4.90811985e-05  1.31175021e-05       
4           -4.61749818066 6.34662898e-05  2.59100043e-05       
2           -4.61749818066 7.72792969e-05  5.46447149e-05       
