# of blocks mean (X_5)     std.err. (X_5)  std.err.err. (X_5)  mean (X_6)     std.err. (X_6)  std.err.err. (X_6)  cov(X_5,X_6)   mean (X_5/X_6)   std.err. (X_5/X_6) 
# from 50000 to 0
2049        -882212921.358 6.28504151e+03  9.82037737e+01       532744.834950  3.79558396e+00  5.93059995e-02       -4.88797e+07   -1655.976489084107 1.580012369292e-06 
1024        -882212997.095 8.42625608e+03  1.86286695e+02       532744.880687  5.08869499e+00  1.12500281e-01       -4.39077e+07   -1655.976489080982 2.117084893800e-06 
512         -882212997.095 1.06480321e+04  3.33076432e+02       532744.880687  6.43048728e+00  2.01149258e-01       -3.50577e+07   -1655.976489080983 2.735446873787e-06 
256         -882212997.095 1.28377438e+04  5.68464851e+02       532744.880687  7.75293650e+00  3.43305798e-01       -2.54797e+07   -1655.976489080980 3.347316216930e-06 
128         -882212997.095 1.46830701e+04  9.21297760e+02       532744.880687  8.86738841e+00  5.56389434e-01       -1.66657e+07   -1655.976489080981 3.669962626883e-06 
64          -882212997.095 1.62515999e+04  1.44780759e+03       532744.880687  9.81462505e+00  8.74356293e-01       -1.02082e+07   -1655.976489080982 4.082567905305e-06 
32          -882212997.095 1.90032715e+04  2.41341789e+03       532744.880687  1.14763193e+01  1.45749400e+00       -6.97880e+06   -1655.976489080981 4.017168051372e-06 
16          -882212997.095 1.29724425e+04  2.36843312e+03       532744.880687  7.83412961e+00  1.43030983e+00       -1.62604e+06   -1655.976489080982 4.112931710994e-06 
8           -882212997.095 1.05703393e+04  2.82504201e+03       532744.880687  6.38404250e+00  1.70620713e+00       -5.39852e+05   -1655.976489080981 5.509893213315e-06 
4           -882212997.095 1.01984412e+04  4.16349618e+03       532744.880687  6.15986659e+00  2.51475501e+00       -2.51284e+05   -1655.976489080981 7.915735256552e-06 
2           -882212997.095 7.18514487e+02  5.08066466e+02       532744.880687  4.36200731e-01  3.08440495e-01       -6.26833e+02   -1655.976489080981 7.177298590431e-06 
