   2   3   5   6   7   8   9  10  11  14        -0.100000E+01     -0.852958E+02      0.246018E+00
   1   4   5   6   7   8   9  10  12  13        -0.100000E+01     -0.852958E+02      0.246018E+00
   3   4   5   6   7   8   9  10  11  12         0.997809E+00     -0.854053E+02      0.176346E+00
   1   2   5   6   7   8   9  10  13  14         0.100220E+01     -0.850231E+02      0.330839E+00
   2   3   5   6   7   8   9  10  11  12        -0.784599E+00     -0.850902E+02      0.414435E+00
   1   4   5   6   7   8   9  10  11  12         0.784599E+00     -0.850902E+02      0.414435E+00
   1   3   4   5   6   7   8   9  10  12         0.692476E+00     -0.852537E+02      0.478135E+00
   2   3   4   5   6   7   8   9  10  11        -0.692476E+00     -0.852537E+02      0.478135E+00
   1   2   5   6   7   8   9  10  12  13        -0.786321E+00     -0.849013E+02      0.484793E+00
   1   2   5   6   7   8   9  10  11  14         0.786321E+00     -0.849013E+02      0.484793E+00
   1   2   4   5   6   7   8   9  10  13         0.693996E+00     -0.850527E+02      0.552987E+00
   1   2   3   5   6   7   8   9  10  14        -0.693996E+00     -0.850527E+02      0.552987E+00
   4   5   6   7   8   9  10  11  12  13         0.732955E+00     -0.852528E+02      0.316025E+00
   3   5   6   7   8   9  10  11  12  14        -0.732955E+00     -0.852528E+02      0.316025E+00
   2   5   6   7   8   9  10  11  13  14        -0.734564E+00     -0.850742E+02      0.386769E+00
   1   5   6   7   8   9  10  12  13  14         0.734564E+00     -0.850742E+02      0.386769E+00
   3   4   5   6   7   8   9  10  12  13        -0.624849E+00     -0.853831E+02      0.375021E+00
   3   4   5   6   7   8   9  10  11  14         0.624849E+00     -0.853831E+02      0.375021E+00
   2   3   5   6   7   8   9  10  13  14        -0.626221E+00     -0.851872E+02      0.454814E+00
   1   4   5   6   7   8   9  10  13  14         0.626221E+00     -0.851872E+02      0.454814E+00
   1   2   3   5   6   7   8   9  10  12        -0.544508E+00     -0.849216E+02      0.716623E+00
   1   2   4   5   6   7   8   9  10  11         0.544508E+00     -0.849216E+02      0.716623E+00
   1   3   5   6   7   8   9  10  12  14         0.508668E+00     -0.853087E+02      0.552727E+00
   2   4   5   6   7   8   9  10  11  13         0.508668E+00     -0.853087E+02      0.552727E+00
   1   4   5   6   7   8   9  10  11  14         0.491332E+00     -0.852825E+02      0.574557E+00
   2   3   5   6   7   8   9  10  12  13         0.491332E+00     -0.852825E+02      0.574557E+00
   1   5   6   7   8   9  10  11  12  14        -0.576338E+00     -0.849106E+02      0.575282E+00
   2   5   6   7   8   9  10  11  12  13         0.576338E+00     -0.849106E+02      0.575282E+00
   1   2   5   6   7   8   9  10  11  12         0.616946E+00     -0.844448E+02      0.799604E+00
   1   3   4   5   6   7   8   9  10  14         0.433643E+00     -0.852517E+02      0.687420E+00
   2   3   4   5   6   7   8   9  10  13        -0.433643E+00     -0.852517E+02      0.687420E+00
   1   2   3   4   5   6   7   8   9  10         0.480575E+00     -0.847116E+02      0.968349E+00
   3   5   6   7   8   9  10  12  13  14         0.458992E+00     -0.852613E+02      0.481088E+00
   4   5   6   7   8   9  10  11  13  14        -0.458992E+00     -0.852613E+02      0.481088E+00
   5   6   7   8   9  10  11  12  13  14         0.538402E+00     -0.847536E+02      0.638199E+00
   3   4   5   6   7   8   9  10  13  14         0.391294E+00     -0.849180E+02      0.781717E+00
   2   3   5   7   8   9  10  11  12  14         0.265336E+00     -0.859990E+02      0.106915E+01
   1   4   6   7   8   9  10  11  12  13         0.265336E+00     -0.859990E+02      0.106915E+01
   1   2   5   7   8   9  10  12  13  14         0.265919E+00     -0.858045E+02      0.110100E+01
   1   2   6   7   8   9  10  11  13  14        -0.265919E+00     -0.858045E+02      0.110100E+01
   2   3   4   5   6   7   9  10  11  14        -0.246137E+00     -0.858854E+02      0.507490E+00
   1   3   4   5   6   8   9  10  12  13        -0.246137E+00     -0.858854E+02      0.507490E+00
   1   2   4   5   6   7   9  10  12  13        -0.255213E+00     -0.856829E+02      0.502032E+00
   1   2   3   5   6   8   9  10  11  14        -0.255213E+00     -0.856829E+02      0.502032E+00
   1   2   4   5   6   7   9  10  13  14         0.246677E+00     -0.856678E+02      0.591856E+00
   1   2   3   5   6   8   9  10  13  14        -0.246677E+00     -0.856678E+02      0.591856E+00
   2   3   4   5   6   7   9  10  11  12        -0.254654E+00     -0.858108E+02      0.430408E+00
   1   3   4   5   6   8   9  10  11  12         0.254654E+00     -0.858108E+02      0.430408E+00
   2   3   6   7   8   9  10  11  13  14         0.231512E+00     -0.859349E+02      0.966917E+00
   1   4   5   7   8   9  10  12  13  14         0.231512E+00     -0.859349E+02      0.966917E+00
   3   4   5   7   8   9  10  11  12  14        -0.231004E+00     -0.860491E+02      0.887711E+00
   3   4   6   7   8   9  10  11  12  13         0.231004E+00     -0.860491E+02      0.887711E+00
   1   2   3   5   7   8   9  10  12  14        -0.184142E+00     -0.858888E+02      0.135020E+01
   1   2   4   6   7   8   9  10  11  13        -0.184142E+00     -0.858888E+02      0.135020E+01
   1   2   6   7   8   9  10  11  12  13         0.208639E+00     -0.855121E+02      0.148654E+01
   1   2   5   7   8   9  10  11  12  14        -0.208639E+00     -0.855121E+02      0.148654E+01
   1   2   4   5   6   7   9  10  11  14         0.193542E+00     -0.856023E+02      0.854192E+00
   1   2   3   5   6   8   9  10  12  13         0.193542E+00     -0.856023E+02      0.854192E+00
   1   2   4   5   6   7   9  10  11  12         0.200240E+00     -0.853550E+02      0.846435E+00
   1   2   3   5   6   8   9  10  11  12        -0.200240E+00     -0.853550E+02      0.846435E+00
   1   2   3   4   5   6   7   9  10  14        -0.170818E+00     -0.856215E+02      0.959400E+00
   1   2   3   4   5   6   8   9  10  13         0.170818E+00     -0.856215E+02      0.959400E+00
   2   3   6   7   8   9  10  11  12  13        -0.181644E+00     -0.858417E+02      0.117487E+01
   1   4   5   7   8   9  10  11  12  14        -0.181644E+00     -0.858417E+02      0.117487E+01
   1   2   3   4   5   6   7   9  10  12        -0.176729E+00     -0.855981E+02      0.914122E+00
   1   2   3   4   5   6   8   9  10  11         0.176729E+00     -0.855981E+02      0.914122E+00
   2   3   5   7   8   9  10  12  13  14        -0.166159E+00     -0.860961E+02      0.133560E+01
   1   4   6   7   8   9  10  11  13  14        -0.166159E+00     -0.860961E+02      0.133560E+01
   2   5   7   8   9  10  11  12  13  14         0.194906E+00     -0.856888E+02      0.144683E+01
   1   6   7   8   9  10  11  12  13  14        -0.194906E+00     -0.856888E+02      0.144683E+01
   2   3   4   6   7   8   9  10  11  13         0.160316E+00     -0.859939E+02      0.120535E+01
   1   3   4   5   7   8   9  10  12  14         0.160316E+00     -0.859939E+02      0.120535E+01
   2   4   5   6   7   9  10  11  13  14        -0.180803E+00     -0.857303E+02      0.743941E+00
   1   3   5   6   8   9  10  12  13  14        -0.180803E+00     -0.857303E+02      0.743941E+00
   2   4   5   6   7   9  10  11  12  13         0.187060E+00     -0.856708E+02      0.698559E+00
   1   3   5   6   8   9  10  11  12  14         0.187060E+00     -0.856708E+02      0.698559E+00
   2   3   4   5   6   7   9  10  12  13         0.159470E+00     -0.859422E+02      0.789872E+00
   1   3   4   5   6   8   9  10  11  14         0.159470E+00     -0.859422E+02      0.789872E+00
   1   3   4   5   6   8   9  10  13  14         0.154136E+00     -0.857303E+02      0.910809E+00
   2   3   4   5   6   7   9  10  13  14        -0.154136E+00     -0.857303E+02      0.910809E+00
   4   5   7   8   9  10  11  12  13  14         0.169688E+00     -0.857978E+02      0.126959E+01
   3   6   7   8   9  10  11  12  13  14        -0.169688E+00     -0.857978E+02      0.126959E+01
   3   4   5   7   8   9  10  12  13  14         0.144660E+00     -0.859123E+02      0.136005E+01
   3   4   6   7   8   9  10  11  13  14        -0.144660E+00     -0.859123E+02      0.136005E+01
   1   2   4   5   7   8   9  10  12  13         0.114185E+00     -0.862457E+02      0.302283E+01
   1   2   3   6   7   8   9  10  11  14         0.114185E+00     -0.862457E+02      0.302283E+01
   2   3   4   5   7   8   9  10  11  12         0.113935E+00     -0.863725E+02      0.306337E+01
   1   3   4   6   7   8   9  10  11  12        -0.113935E+00     -0.863725E+02      0.306337E+01
   2   3   5   6   8   9  10  11  13  14         0.125155E+00     -0.856539E+02      0.176750E+01
   1   4   5   6   7   9  10  12  13  14         0.125155E+00     -0.856539E+02      0.176750E+01
   3   4   5   6   8   9  10  11  12  13         0.124881E+00     -0.857858E+02      0.174584E+01
   3   4   5   6   7   9  10  11  12  14        -0.124881E+00     -0.857858E+02      0.174584E+01
   1   3   4   6   7   8   9  10  12  13        -0.889676E-01     -0.856028E+02      0.381576E+01
   2   3   4   5   7   8   9  10  11  14        -0.889676E-01     -0.856028E+02      0.381576E+01
   1   2   4   5   7   8   9  10  13  14         0.891630E-01     -0.854031E+02      0.388515E+01
   1   2   3   6   7   8   9  10  13  14        -0.891630E-01     -0.854031E+02      0.388515E+01
   1   4   5   6   8   9  10  11  12  13        -0.888632E-01     -0.859226E+02      0.303068E+01
   2   3   5   6   7   9  10  11  12  14        -0.888632E-01     -0.859226E+02      0.303068E+01
   1   2   5   6   8   9  10  11  13  14         0.890583E-01     -0.857415E+02      0.309589E+01
   1   2   5   6   7   9  10  12  13  14        -0.890583E-01     -0.857415E+02      0.309589E+01
   1   2   4   5   7   8   9  10  11  12        -0.895895E-01     -0.860235E+02      0.361179E+01
   1   2   3   6   7   8   9  10  11  12         0.895895E-01     -0.860235E+02      0.361179E+01
   1   4   5   6   7   9  10  11  12  14        -0.981965E-01     -0.854430E+02      0.226453E+01
   2   3   5   6   8   9  10  11  12  13        -0.981965E-01     -0.854430E+02      0.226453E+01
   1   2   3   4   5   7   8   9  10  12         0.790704E-01     -0.859726E+02      0.335919E+01
   1   2   3   4   6   7   8   9  10  11        -0.790704E-01     -0.859726E+02      0.335919E+01
   1   3   4   5   6   7   9  10  12  14         0.866669E-01     -0.857810E+02      0.210664E+01
   2   3   4   5   6   8   9  10  11  13         0.866669E-01     -0.857810E+02      0.210664E+01
   2   3   4   5   7   8   9  10  12  13        -0.713485E-01     -0.864817E+02      0.369975E+01
   1   3   4   6   7   8   9  10  11  14        -0.713485E-01     -0.864817E+02      0.369975E+01
   2   4   5   7   8   9  10  11  12  13        -0.836925E-01     -0.863403E+02      0.381036E+01
   1   3   6   7   8   9  10  11  12  14        -0.836925E-01     -0.863403E+02      0.381036E+01
   4   5   6   7   9  10  11  12  13  14         0.917330E-01     -0.853391E+02      0.237702E+01
   3   5   6   8   9  10  11  12  13  14        -0.917330E-01     -0.853391E+02      0.237702E+01
   3   4   5   6   8   9  10  11  13  14        -0.782031E-01     -0.858984E+02      0.231344E+01
   3   4   5   6   7   9  10  12  13  14         0.782031E-01     -0.858984E+02      0.231344E+01
   1   2   4   5   7   8   9  10  11  14         0.699571E-01     -0.853063E+02      0.435845E+01
   1   2   3   6   7   8   9  10  12  13         0.699571E-01     -0.853063E+02      0.435845E+01
   1   2   3   4   6   7   8   9  10  13         0.617432E-01     -0.851042E+02      0.422211E+01
   1   2   3   4   5   7   8   9  10  14        -0.617432E-01     -0.851042E+02      0.422211E+01
   1   2   5   6   7   9  10  11  12  14         0.698750E-01     -0.856500E+02      0.372052E+01
   1   2   5   6   8   9  10  11  12  13        -0.698750E-01     -0.856500E+02      0.372052E+01
   2   4   5   7   8   9  10  11  13  14        -0.653524E-01     -0.855251E+02      0.468842E+01
   1   3   6   7   8   9  10  12  13  14        -0.653524E-01     -0.855251E+02      0.468842E+01
   1   2   3   5   6   7   9  10  12  14         0.616707E-01     -0.859360E+02      0.352141E+01
   1   2   4   5   6   8   9  10  11  13         0.616707E-01     -0.859360E+02      0.352141E+01
   2   3   4   5   7   8   9  10  13  14        -0.557134E-01     -0.856602E+02      0.472660E+01
   1   3   4   6   7   8   9  10  13  14         0.557134E-01     -0.856602E+02      0.472660E+01
   2   3   5   6   7   9  10  12  13  14         0.556480E-01     -0.859022E+02      0.393752E+01
   1   4   5   6   8   9  10  11  13  14         0.556480E-01     -0.859022E+02      0.393752E+01
   2   5   6   7   9  10  11  12  13  14        -0.652757E-01     -0.854217E+02      0.385182E+01
   1   5   6   8   9  10  11  12  13  14         0.652757E-01     -0.854217E+02      0.385182E+01
   1   2   4   7   9  10  11  12  13  14         0.194692E-01     -0.740711E+02      0.112752E+02
   1   2   3   8   9  10  11  12  13  14        -0.194692E-01     -0.740711E+02      0.112752E+02
   1   2   3   4   6   9  10  11  12  13         0.186854E-01     -0.736674E+02      0.107710E+02
   1   2   3   4   5   9  10  11  12  14        -0.186854E-01     -0.736674E+02      0.107710E+02
   1   2   3   4   6   9  10  11  13  14        -0.180604E-01     -0.740316E+02      0.103390E+02
   1   2   3   4   5   9  10  12  13  14         0.180604E-01     -0.740316E+02      0.103390E+02
   2   3   4   7   9  10  11  12  13  14        -0.169501E-01     -0.737844E+02      0.113347E+02
   1   3   4   8   9  10  11  12  13  14         0.169501E-01     -0.737844E+02      0.113347E+02
   1   2   3   4   5   6   9  10  11  12         0.649911E-01     -0.812234E+02      0.415740E+01
   3   4   7   8   9  10  11  12  13  14         0.534802E-01     -0.815346E+02      0.533177E+01
   1   2   3   4   5   6   9  10  11  14         0.628173E-01     -0.816143E+02      0.377858E+01
   1   2   3   4   5   6   9  10  12  13        -0.628173E-01     -0.816143E+02      0.377858E+01
   1   4   7   8   9  10  11  12  13  14         0.614284E-01     -0.818902E+02      0.503748E+01
   2   3   7   8   9  10  11  12  13  14        -0.614284E-01     -0.818902E+02      0.503748E+01
   1   2   3   4   5   6   9  10  13  14         0.607163E-01     -0.816279E+02      0.377088E+01
   1   2   7   8   9  10  11  12  13  14         0.705579E-01     -0.818049E+02      0.524382E+01
   1   2   3   4   7   9  10  11  12  14        -0.836006E-02     -0.753633E+02      0.157956E+02
   1   2   3   4   8   9  10  11  12  13         0.836006E-02     -0.753633E+02      0.157956E+02
   2   3   4   5   9  10  11  12  13  14         0.916322E-02     -0.743038E+02      0.138792E+02
   1   3   4   6   9  10  11  12  13  14        -0.916322E-02     -0.743038E+02      0.138792E+02
   1   2   3   4   7   9  10  12  13  14        -0.652806E-02     -0.722801E+02      0.196529E+02
   1   2   3   4   8   9  10  11  13  14         0.652806E-02     -0.722801E+02      0.196529E+02
   1   2   3   4   9  10  11  12  13  14         0.537219E-02     -0.613705E+02      0.216351E+02
   2   3   4   7   8   9  10  11  13  14        -0.205970E-01     -0.804301E+02      0.113895E+02
   1   3   4   7   8   9  10  12  13  14         0.205970E-01     -0.804301E+02      0.113895E+02
   1   2   3   6   9  10  11  12  13  14        -0.652040E-02     -0.728735E+02      0.178982E+02
   1   2   4   5   9  10  11  12  13  14         0.652040E-02     -0.728735E+02      0.178982E+02
   1   2   4   5   6   9  10  11  12  13         0.226791E-01     -0.807692E+02      0.923969E+01
   1   2   3   5   6   9  10  11  12  14        -0.226791E-01     -0.807692E+02      0.923969E+01
   2   3   4   6   7   9  10  11  13  14        -0.569835E-01     -0.820962E+02      0.403168E+01
   1   3   4   5   8   9  10  12  13  14        -0.569835E-01     -0.820962E+02      0.403168E+01
   2   3   4   6   7   9  10  11  12  13         0.589554E-01     -0.820645E+02      0.402828E+01
   1   3   4   5   8   9  10  11  12  14         0.589554E-01     -0.820645E+02      0.402828E+01
   1   2   3   5   8   9  10  11  12  14        -0.677173E-01     -0.819978E+02      0.419809E+01
   1   2   4   6   7   9  10  11  12  13        -0.677173E-01     -0.819978E+02      0.419809E+01
   1   3   4   5   6   9  10  12  13  14         0.308053E-01     -0.817731E+02      0.592710E+01
   2   3   4   5   6   9  10  11  13  14        -0.308053E-01     -0.817731E+02      0.592710E+01
   2   3   5   6   7   8  10  11  13  14         0.298299E-01     -0.780889E+02      0.513736E+02
   1   4   5   6   7   8   9  12  13  14         0.298299E-01     -0.780889E+02      0.513736E+02
   3   4   5   6   7   8  10  11  12  13         0.297646E-01     -0.784227E+02      0.511555E+02
   3   4   5   6   7   8   9  11  12  14        -0.297646E-01     -0.784227E+02      0.511555E+02
   1   3   4   5   6   7   8  10  12  13        -0.805073E-02     -0.112255E+03      0.210033E+03
   2   3   4   5   6   7   8   9  11  14        -0.805073E-02     -0.112255E+03      0.210033E+03
   1   2   3   4   5   8   9  10  13  14        -0.219463E-01     -0.808983E+02      0.941962E+01
   1   2   3   4   6   7   9  10  13  14         0.219463E-01     -0.808983E+02      0.941962E+01
   1   2   3   7   8   9  10  11  12  14        -0.302975E-01     -0.826329E+02      0.877718E+01
   1   2   4   7   8   9  10  11  12  13         0.302975E-01     -0.826329E+02      0.877718E+01
   1   2   3   4   7   8   9  10  13  14         0.793262E-02     -0.775901E+02      0.252068E+02
   1   2   4   7   8   9  10  11  13  14         0.236582E-01     -0.810867E+02      0.104113E+02
   1   2   3   7   8   9  10  12  13  14        -0.236582E-01     -0.810867E+02      0.104113E+02
   1   3   4   5   6   7   8   9  12  14         0.206565E-01     -0.790558E+02      0.521044E+02
   2   3   4   5   6   7   8  10  11  13         0.206565E-01     -0.790558E+02      0.521044E+02
   1   3   4   6   7   9  10  12  13  14         0.111348E-01     -0.803220E+02      0.143303E+02
   2   3   4   5   8   9  10  11  13  14         0.111348E-01     -0.803220E+02      0.143303E+02
   1   2   3   5   6   7   8  10  13  14        -0.806840E-02     -0.111712E+03      0.210231E+03
   1   2   4   5   6   7   8   9  13  14         0.806840E-02     -0.111712E+03      0.210231E+03
   3   4   5   6   7   8   9  12  13  14         0.186392E-01     -0.775912E+02      0.531517E+02
   3   4   5   6   7   8  10  11  13  14        -0.186392E-01     -0.775912E+02      0.531517E+02
   1   2   4   5   8   9  10  11  12  13         0.101469E-01     -0.813478E+02      0.161402E+02
   1   2   3   6   7   9  10  11  12  14         0.101469E-01     -0.813478E+02      0.161402E+02
   1   2   5   6   9  10  11  12  13  14         0.791400E-02     -0.782827E+02      0.253497E+02
   2   3   4   5   6   7   8   9  13  14        -0.504154E-02     -0.112511E+03      0.213638E+03
   1   3   4   5   6   7   8  10  13  14         0.504154E-02     -0.112511E+03      0.213638E+03
   1   2   4   6   7   9  10  11  13  14         0.654524E-01     -0.823249E+02      0.399402E+01
   1   2   3   5   8   9  10  12  13  14         0.654524E-01     -0.823249E+02      0.399402E+01
   1   2   5   8   9  10  11  12  13  14         0.236304E-01     -0.814634E+02      0.913723E+01
   1   2   6   7   9  10  11  12  13  14        -0.236304E-01     -0.814634E+02      0.913723E+01
   1   2   4   5   6   9  10  11  13  14        -0.219205E-01     -0.814823E+02      0.815098E+01
   1   2   3   5   6   9  10  12  13  14         0.219205E-01     -0.814823E+02      0.815098E+01
   2   3   4   5   7   9  10  11  12  14        -0.732149E-01     -0.824662E+02      0.371497E+01
   1   3   4   6   8   9  10  11  12  13        -0.732149E-01     -0.824662E+02      0.371497E+01
   3   4   6   7   9  10  11  12  13  14         0.289114E-01     -0.820325E+02      0.651591E+01
   3   4   5   8   9  10  11  12  13  14        -0.289114E-01     -0.820325E+02      0.651591E+01
   1   2   3   5   6   7   8   9  12  14        -0.265045E-01     -0.710830E+02      0.642607E+02
   1   2   4   5   6   7   8  10  11  13        -0.265045E-01     -0.710830E+02      0.642607E+02
   1   3   4   5   6   9  10  11  12  14        -0.318713E-01     -0.818753E+02      0.582837E+01
   2   3   4   5   6   9  10  11  12  13         0.318713E-01     -0.818753E+02      0.582837E+01
   1   2   5   6   7   8   9  12  13  14         0.382751E-01     -0.708091E+02      0.633441E+02
   1   2   5   6   7   8  10  11  13  14        -0.382751E-01     -0.708091E+02      0.633441E+02
   1   2   3   4   5   6   7   8  10  13         0.558717E-02     -0.115136E+03      0.210626E+03
   1   2   3   4   5   6   7   8   9  14        -0.558717E-02     -0.115136E+03      0.210626E+03
   3   4   5   6   9  10  11  12  13  14         0.156295E-01     -0.809535E+02      0.117510E+02
   1   4   5   6   7   8   9  11  12  14        -0.234045E-01     -0.785312E+02      0.514034E+02
   2   3   5   6   7   8  10  11  12  13        -0.234045E-01     -0.785312E+02      0.514034E+02
   1   2   5   7   8  10  11  12  13  14        -0.101558E-01     -0.673988E+02      0.700229E+02
   1   2   6   7   8   9  11  12  13  14         0.101558E-01     -0.673988E+02      0.700229E+02
   1   2   3   4   5   8   9  10  11  12         0.290777E-01     -0.826287E+02      0.763855E+01
   1   2   3   4   6   7   9  10  11  12        -0.290777E-01     -0.826287E+02      0.763855E+01
   2   3   6   7   8   9  11  12  13  14        -0.884171E-02     -0.668829E+02      0.708379E+02
   1   4   5   7   8  10  11  12  13  14        -0.884171E-02     -0.668829E+02      0.708379E+02
   1   2   3   4   7   8   9  10  11  12         0.130097E-01     -0.822505E+02      0.173274E+02
   2   3   5   6   7   8   9  11  12  14         0.381912E-01     -0.711912E+02      0.630690E+02
   1   4   5   6   7   8  10  11  12  13         0.381912E-01     -0.711912E+02      0.630690E+02
   1   3   4   7   8   9  10  11  12  14         0.263773E-01     -0.830099E+02      0.842384E+01
   2   3   4   7   8   9  10  11  12  13        -0.263773E-01     -0.830099E+02      0.842384E+01
   1   2   4   5   7   9  10  12  13  14        -0.733757E-01     -0.823303E+02      0.377297E+01
   1   2   3   6   8   9  10  11  13  14        -0.733757E-01     -0.823303E+02      0.377297E+01
   1   3   5   6   7   8  10  12  13  14        -0.591377E-02     -0.109110E+03      0.214516E+03
   2   4   5   6   7   8   9  11  13  14        -0.591377E-02     -0.109110E+03      0.214516E+03
   1   2   5   6   7   8  10  11  12  13         0.300306E-01     -0.713946E+02      0.628831E+02
   1   2   5   6   7   8   9  11  12  14        -0.300306E-01     -0.713946E+02      0.628831E+02
   2   3   4   5   8   9  10  11  12  13         0.142595E-01     -0.841270E+02      0.105159E+02
   1   3   4   6   7   9  10  11  12  14         0.142595E-01     -0.841270E+02      0.105159E+02
   1   2   3   5   6   8   9  11  12  14         0.974690E-02     -0.674360E+02      0.696884E+02
   1   2   4   5   6   7  10  11  12  13         0.974690E-02     -0.674360E+02      0.696884E+02
   1   4   6   7   8   9  11  12  13  14         0.791496E-02     -0.746050E+02      0.582832E+02
   2   3   5   7   8  10  11  12  13  14         0.791496E-02     -0.746050E+02      0.582832E+02
   1   2   4   5   6   7   8   9  11  14         0.633046E-02     -0.110739E+03      0.211445E+03
   1   2   3   5   6   7   8  10  12  13         0.633046E-02     -0.110739E+03      0.211445E+03
   1   3   4   5   6   8  10  11  12  13         0.101157E-01     -0.703397E+02      0.639270E+02
   2   3   4   5   6   7   9  11  12  14         0.101157E-01     -0.703397E+02      0.639270E+02
   1   2   4   5   6   7  10  11  13  14        -0.942090E-02     -0.671190E+02      0.704260E+02
   1   2   3   5   6   8   9  12  13  14        -0.942090E-02     -0.671190E+02      0.704260E+02
   3   4   5   7   8  10  11  12  13  14        -0.689085E-02     -0.742698E+02      0.586559E+02
   3   4   6   7   8   9  11  12  13  14         0.689085E-02     -0.742698E+02      0.586559E+02
   2   3   5   6   7   8   9  12  13  14        -0.239161E-01     -0.704183E+02      0.652550E+02
   1   4   5   6   7   8  10  11  13  14        -0.239161E-01     -0.704183E+02      0.652550E+02
   4   5   6   7   8   9  11  12  13  14         0.218640E-01     -0.774172E+02      0.523286E+02
   3   5   6   7   8  10  11  12  13  14        -0.218640E-01     -0.774172E+02      0.523286E+02
   1   2   4   5   6   7   9  12  13  14         0.101379E-01     -0.700039E+02      0.641447E+02
   1   2   3   5   6   8  10  11  13  14         0.101379E-01     -0.700039E+02      0.641447E+02
   1   2   3   4   6   7   9  10  12  13        -0.227057E-01     -0.811919E+02      0.956243E+01
   1   2   3   4   5   8   9  10  11  14        -0.227057E-01     -0.811919E+02      0.956243E+01
   2   4   5   7   9  10  11  12  13  14        -0.537810E-01     -0.822103E+02      0.421174E+01
   1   3   6   8   9  10  11  12  13  14        -0.537810E-01     -0.822103E+02      0.421174E+01
   1   2   3   4   5   7   9  10  12  14         0.508109E-01     -0.823232E+02      0.421361E+01
   1   2   3   4   6   8   9  10  11  13         0.508109E-01     -0.823232E+02      0.421361E+01
   1   2   4   6   7   8   9  11  12  13         0.535292E-02     -0.555802E+02      0.160909E+03
   1   2   3   5   7   8  10  11  12  14         0.535292E-02     -0.555802E+02      0.160909E+03
   1   3   4   6   8   9  10  11  13  14         0.458487E-01     -0.825271E+02      0.422476E+01
   2   3   4   5   7   9  10  12  13  14         0.458487E-01     -0.825271E+02      0.422476E+01
   1   3   4   5   7   8  10  11  12  14        -0.466030E-02     -0.542770E+02      0.162821E+03
   2   3   4   6   7   8   9  11  12  13        -0.466030E-02     -0.542770E+02      0.162821E+03
   1   2   4   6   7   9  11  12  13  14        -0.268995E-02     -0.623522E+02      0.742515E+02
   1   2   3   5   8  10  11  12  13  14        -0.268995E-02     -0.623522E+02      0.742515E+02
   1   2   4   5   7  10  11  12  13  14         0.280231E-02     -0.593827E+02      0.803775E+02
   1   2   3   6   8   9  11  12  13  14         0.280231E-02     -0.593827E+02      0.803775E+02
   2   3   4   5   6   7  10  11  12  13        -0.759631E-02     -0.749167E+02      0.577198E+02
   1   3   4   5   6   8   9  11  12  14        -0.759631E-02     -0.749167E+02      0.577198E+02
   2   3   6   7   9  10  11  12  13  14         0.205729E-01     -0.818571E+02      0.918633E+01
   1   4   5   8   9  10  11  12  13  14         0.205729E-01     -0.818571E+02      0.918633E+01
   1   3   4   6   8   9  11  12  13  14        -0.218400E-02     -0.668910E+02      0.685388E+02
   2   3   4   5   7  10  11  12  13  14        -0.218400E-02     -0.668910E+02      0.685388E+02
   1   2   3   4   5   6   9  12  13  14         0.249530E-02     -0.616942E+02      0.753149E+02
   1   2   3   4   5   6  10  11  13  14        -0.249530E-02     -0.616942E+02      0.753149E+02
   2   4   5   6   7   9  11  12  13  14         0.743061E-02     -0.696877E+02      0.650413E+02
   1   3   5   6   8  10  11  12  13  14         0.743061E-02     -0.696877E+02      0.650413E+02
   1   2   3   4   5   6   9  11  12  14        -0.258165E-02     -0.619014E+02      0.745933E+02
   1   2   3   4   5   6  10  11  12  13         0.258165E-02     -0.619014E+02      0.745933E+02
   1   3   4   5   8  10  11  12  13  14         0.234190E-02     -0.616770E+02      0.752360E+02
   2   3   4   6   7   9  11  12  13  14         0.234190E-02     -0.616770E+02      0.752360E+02
   2   3   4   5   6   7  10  11  13  14         0.734224E-02     -0.745455E+02      0.586980E+02
   1   3   4   5   6   8   9  12  13  14         0.734224E-02     -0.745455E+02      0.586980E+02
   1   2   3   4   5   6   7  10  11  12         0.513741E-02     -0.549633E+02      0.161530E+03
   1   2   3   4   5   6   8   9  11  12        -0.513741E-02     -0.549633E+02      0.161530E+03
   1   2   4   5   6   7   9  11  12  14        -0.795417E-02     -0.705336E+02      0.639932E+02
   1   2   3   5   6   8  10  11  12  13        -0.795417E-02     -0.705336E+02      0.639932E+02
   1   2   4   5   7   9  10  11  12  14         0.575704E-01     -0.821124E+02      0.428225E+01
   1   2   3   6   8   9  10  11  12  13         0.575704E-01     -0.821124E+02      0.428225E+01
   1   2   3   4   5   6   7   9  12  14        -0.702024E-02     -0.704416E+02      0.651132E+02
   1   2   3   4   5   6   8  10  11  13        -0.702024E-02     -0.704416E+02      0.651132E+02
   1   2   3   5   6   7   8  10  11  12         0.158286E-01     -0.598067E+02      0.149656E+03
   1   2   4   5   6   7   8   9  11  12        -0.158286E-01     -0.598067E+02      0.149656E+03
   1   2   4   5   7   8  10  11  12  13        -0.436087E-02     -0.682309E+02      0.805091E+02
   1   2   3   6   7   8   9  11  12  14        -0.436087E-02     -0.682309E+02      0.805091E+02
   1   2   3   4   5   6   7  10  11  14         0.496558E-02     -0.544740E+02      0.161825E+03
   1   2   3   4   5   6   8   9  12  13         0.496558E-02     -0.544740E+02      0.161825E+03
   2   3   4   5   6   7   9  12  13  14        -0.633465E-02     -0.696026E+02      0.661976E+02
   1   3   4   5   6   8  10  11  13  14        -0.633465E-02     -0.696026E+02      0.661976E+02
   1   2   4   5   8   9  10  11  13  14         0.792330E-02     -0.823743E+02      0.174659E+02
   1   2   3   6   7   9  10  12  13  14         0.792330E-02     -0.823743E+02      0.174659E+02
   1   2   3   4   5   6   7   8   9  12         0.139701E-01     -0.574407E+02      0.152231E+03
   1   2   3   4   5   6   7   8  10  11        -0.139701E-01     -0.574407E+02      0.152231E+03
   1   2   3   6   7   8   9  12  13  14        -0.340524E-02     -0.662949E+02      0.813197E+02
   1   2   4   5   7   8  10  11  13  14        -0.340524E-02     -0.662949E+02      0.813197E+02
   1   2   3   4   6   9  11  12  13  14         0.742244E-03     -0.496313E+02      0.887190E+02
   1   2   3   4   5  10  11  12  13  14        -0.742244E-03     -0.496313E+02      0.887190E+02
   1   2   5   6   8   9  11  12  13  14        -0.340124E-02     -0.659777E+02      0.826441E+02
   1   2   5   6   7  10  11  12  13  14         0.340124E-02     -0.659777E+02      0.826441E+02
   1   3   4   6   7   8   9  12  13  14         0.265390E-02     -0.749600E+02      0.708967E+02
   2   3   4   5   7   8  10  11  13  14         0.265390E-02     -0.749600E+02      0.708967E+02
   1   4   5   6   7  10  11  12  13  14        -0.477983E-02     -0.676371E+02      0.746961E+02
   2   3   5   6   8   9  11  12  13  14        -0.477983E-02     -0.676371E+02      0.746961E+02
   2   3   4   5   7   8   9  11  12  14         0.126163E-02      0.356483E+01      0.595489E+03
   1   3   4   6   7   8  10  11  12  13         0.126163E-02      0.356483E+01      0.595489E+03
   3   4   5   6   8   9  11  12  13  14         0.372519E-02     -0.743302E+02      0.643512E+02
   3   4   5   6   7  10  11  12  13  14        -0.372519E-02     -0.743302E+02      0.643512E+02
   1   3   4   6   7   8   9  11  12  14         0.339867E-02     -0.757486E+02      0.696334E+02
   2   3   4   5   7   8  10  11  12  13         0.339867E-02     -0.757486E+02      0.696334E+02
   1   2   3   5   6   7  10  11  12  14        -0.179273E-02     -0.536918E+02      0.181855E+03
   1   2   4   5   6   8   9  11  12  13        -0.179273E-02     -0.536918E+02      0.181855E+03
   1   2   3   5   6   7   8  10  11  14         0.201741E-01     -0.586392E+02      0.150697E+03
   1   2   4   5   6   7   8   9  12  13         0.201741E-01     -0.586392E+02      0.150697E+03
   1   2   3   4   5   7   8  10  11  12        -0.229853E-02     -0.554231E+02      0.177614E+03
   1   2   3   4   6   7   8   9  11  12         0.229853E-02     -0.554231E+02      0.177614E+03
   1   2   3   4   5   8  10  11  12  13         0.115506E-02     -0.636949E+02      0.859310E+02
   1   2   3   4   6   7   9  11  12  14         0.115506E-02     -0.636949E+02      0.859310E+02
   2   5   6   7   8   9  11  12  13  14         0.280539E-01     -0.706837E+02      0.639602E+02
   1   5   6   7   8  10  11  12  13  14        -0.280539E-01     -0.706837E+02      0.639602E+02
   1   2   3   4   6   8   9  11  12  13        -0.147704E-02     -0.468208E+02      0.175864E+03
   1   2   3   4   5   7  10  11  12  14        -0.147704E-02     -0.468208E+02      0.175864E+03
   1   2   4   5   7   8   9  12  13  14         0.126440E-02      0.361066E+01      0.595279E+03
   1   2   3   6   7   8  10  11  13  14         0.126440E-02      0.361066E+01      0.595279E+03
   1   2   3   4   5   7  10  12  13  14        -0.590728E-03     -0.101478E+03      0.250293E+03
   1   2   3   4   6   8   9  11  13  14        -0.590728E-03     -0.101478E+03      0.250293E+03
   1   2   5   6   7   8  11  12  13  14         0.146177E-02     -0.280605E+02      0.190959E+03
   1   3   4   6   7   8  10  11  13  14        -0.790061E-03      0.598103E+01      0.607151E+03
   2   3   4   5   7   8   9  12  13  14        -0.790061E-03      0.598103E+01      0.607151E+03
   1   2   3   4   6   7   9  12  13  14         0.901943E-03     -0.609020E+02      0.887983E+02
   1   2   3   4   5   8  10  11  13  14         0.901943E-03     -0.609020E+02      0.887983E+02
   2   3   5   6   7  10  11  12  13  14        -0.265078E-02     -0.733853E+02      0.701544E+02
   1   4   5   6   8   9  11  12  13  14        -0.265078E-02     -0.733853E+02      0.701544E+02
   3   4   5   6   7   8  11  12  13  14         0.887875E-03     -0.322218E+02      0.183436E+03
   1   4   5   6   7   8  11  12  13  14         0.113924E-02     -0.391888E+02      0.178089E+03
   2   3   5   6   7   8  11  12  13  14        -0.113924E-02     -0.391888E+02      0.178089E+03
   1   3   4   5   6  10  11  12  13  14        -0.126603E-02     -0.621383E+02      0.811358E+02
   2   3   4   5   6   9  11  12  13  14         0.126603E-02     -0.621383E+02      0.811358E+02
   1   3   6   7   8  10  11  12  13  14         0.926750E-03     -0.931771E+00      0.600778E+03
   2   4   5   7   8   9  11  12  13  14         0.926750E-03     -0.931771E+00      0.600778E+03
   1   2   3   4   6   7   8  10  11  13        -0.875568E-03      0.964670E+01      0.601473E+03
   1   2   3   4   5   7   8   9  12  14        -0.875568E-03      0.964670E+01      0.601473E+03
   1   2   4   5   6   9  11  12  13  14         0.900884E-03     -0.601099E+02      0.900463E+02
   1   2   3   5   6  10  11  12  13  14        -0.900884E-03     -0.601099E+02      0.900463E+02
   1   2   3   6   7   8  10  11  12  13        -0.992048E-03      0.298958E-01      0.594162E+03
   1   2   4   5   7   8   9  11  12  14        -0.992048E-03      0.298958E-01      0.594162E+03
   1   2   3   4   5   7   8  10  11  14         0.179484E-02     -0.516334E+02      0.179665E+03
   1   2   3   4   6   7   8   9  12  13         0.179484E-02     -0.516334E+02      0.179665E+03
   1   2   3   4   5   6   7   8  11  12         0.406102E-03      0.584293E+02      0.545473E+03
   1   2   3   5   6   7   8  11  12  14        -0.770473E-03     -0.913880E+01      0.328358E+03
   1   2   4   5   6   7   8  11  12  13         0.770473E-03     -0.913880E+01      0.328358E+03
   1   3   4   5   6   7  10  11  12  14        -0.251936E-02     -0.565390E+02      0.165377E+03
   2   3   4   5   6   8   9  11  12  13        -0.251936E-02     -0.565390E+02      0.165377E+03
   1   2   3   4   7   8   9  10  12  13         0.101588E-01     -0.828790E+02      0.176689E+02
   1   2   3   4   7   8   9  10  11  14        -0.101588E-01     -0.828790E+02      0.176689E+02
   2   3   5   6   9  10  11  12  13  14         0.111217E-01     -0.823894E+02      0.141034E+02
   1   4   5   6   9  10  11  12  13  14        -0.111217E-01     -0.823894E+02      0.141034E+02
   2   3   4   5   6   7   8   9  12  13        -0.126058E-01     -0.578529E+02      0.153836E+03
   1   3   4   5   6   7   8  10  11  14        -0.126058E-01     -0.578529E+02      0.153836E+03
   2   3   4   5   6   7   8  11  13  14        -0.240153E-03     -0.116285E+02      0.528125E+03
   1   3   4   5   6   7   8  12  13  14         0.240153E-03     -0.116285E+02      0.528125E+03
   1   3   5   6   7   8  10  11  12  14        -0.147867E-01     -0.595734E+02      0.151624E+03
   2   4   5   6   7   8   9  11  12  13        -0.147867E-01     -0.595734E+02      0.151624E+03
   1   2   3   4   5   6   7   8  13  14         0.649565E-04      0.304268E+03      0.150802E+04
   1   2   4   6   7   8   9  11  13  14         0.214084E-02     -0.107582E+03      0.228175E+03
   1   2   3   5   7   8  10  12  13  14         0.214084E-02     -0.107582E+03      0.228175E+03
   2   3   5   8   9  10  11  12  13  14         0.332082E-01     -0.824291E+02      0.641307E+01
   1   4   6   7   9  10  11  12  13  14         0.332082E-01     -0.824291E+02      0.641307E+01
   1   3   4   5   7   8  10  12  13  14        -0.186384E-02     -0.109270E+03      0.228580E+03
   2   3   4   6   7   8   9  11  13  14        -0.186384E-02     -0.109270E+03      0.228580E+03
   2   3   4   5   6   8   9  11  13  14        -0.100759E-02     -0.105622E+03      0.245280E+03
   1   3   4   5   6   7  10  12  13  14        -0.100759E-02     -0.105622E+03      0.245280E+03
   1   2   3   4   6   7   8   9  13  14         0.717827E-03     -0.113738E+03      0.266200E+03
   1   2   3   4   5   7   8  10  13  14        -0.717827E-03     -0.113738E+03      0.266200E+03
   2   3   4   5   6   7   8   9  11  12         0.201299E-01     -0.589029E+02      0.150485E+03
   1   3   4   5   6   7   8  10  11  12        -0.201299E-01     -0.589029E+02      0.150485E+03
   2   3   4   7   8   9  11  12  13  14         0.292083E-03      0.177266E+02      0.649784E+03
   1   3   4   7   8  10  11  12  13  14        -0.292083E-03      0.177266E+02      0.649784E+03
   1   3   4   5   6   7   8  11  12  14         0.600473E-03     -0.495566E+02      0.302645E+03
   2   3   4   5   6   7   8  11  12  13        -0.600473E-03     -0.495566E+02      0.302645E+03
   1   2   3   4   8   9  11  12  13  14        -0.925731E-04      0.298374E+02      0.697328E+03
   1   2   3   4   7  10  11  12  13  14         0.925731E-04      0.298374E+02      0.697328E+03
   1   2   3   4   5   6  11  12  13  14         0.102551E-03     -0.138361E+02      0.210938E+03
   1   3   4   5   6   8  11  12  13  14         0.301750E-03     -0.292663E+02      0.191340E+03
   2   3   4   5   6   7  11  12  13  14        -0.301750E-03     -0.292663E+02      0.191340E+03
   1   2   3   5   6   8  11  12  13  14        -0.387178E-03     -0.243787E+02      0.197819E+03
   1   2   4   5   6   7  11  12  13  14         0.387178E-03     -0.243787E+02      0.197819E+03
   1   2   3   4   5   6   7   8  11  14        -0.162416E-03     -0.220155E+03      0.657442E+03
   1   2   3   4   5   6   7   8  12  13         0.162416E-03     -0.220155E+03      0.657442E+03
   1   2   3   4   5   6   8   9  13  14         0.198593E-02     -0.109162E+03      0.229216E+03
   1   2   3   4   5   6   7  10  13  14        -0.198593E-02     -0.109162E+03      0.229216E+03
   1   2   4   5   6   7   8  11  13  14         0.308142E-03     -0.907963E+02      0.454788E+03
   1   2   3   5   6   7   8  12  13  14        -0.308142E-03     -0.907963E+02      0.454788E+03
   1   2   3   4   6   7  10  11  13  14        -0.311216E-03      0.161157E+02      0.646121E+03
   1   2   3   4   5   8   9  12  13  14        -0.311216E-03      0.161157E+02      0.646121E+03
   1   2   3   4   5   8   9  10  12  13        -0.281051E-01     -0.832372E+02      0.718605E+01
   1   2   3   4   6   7   9  10  11  14        -0.281051E-01     -0.832372E+02      0.718605E+01
   1   2   4   5   6   8   9  11  13  14        -0.716984E-03     -0.107910E+03      0.259908E+03
   1   2   3   5   6   7  10  12  13  14        -0.716984E-03     -0.107910E+03      0.259908E+03
   1   2   3   4   5   6   7  12  13  14        -0.816173E-04     -0.558692E+02      0.500878E+03
   1   2   3   4   5   6   8  11  13  14         0.816173E-04     -0.558692E+02      0.500878E+03
   1   2   3   4   5   6   7  11  12  14        -0.204074E-03     -0.154941E+02      0.333734E+03
   1   2   3   4   5   6   8  11  12  13         0.204074E-03     -0.154941E+02      0.333734E+03
   2   3   4   5   8   9  11  12  13  14        -0.157900E-03      0.104406E+02      0.671721E+03
   1   3   4   6   7  10  11  12  13  14        -0.157900E-03      0.104406E+02      0.671721E+03
   1   2   3   4   5   6   8   9  11  14         0.205465E-02     -0.109031E+03      0.229431E+03
   1   2   3   4   5   6   7  10  12  13         0.205465E-02     -0.109031E+03      0.229431E+03
   2   3   4   5   7   8  11  12  13  14        -0.376344E-04     -0.784610E+02      0.106075E+04
   1   3   4   6   7   8  11  12  13  14         0.376344E-04     -0.784610E+02      0.106075E+04
   1   2   3   4   5   7   8  10  12  13        -0.919273E-03     -0.110000E+03      0.261515E+03
   1   2   3   4   6   7   8   9  11  14        -0.919273E-03     -0.110000E+03      0.261515E+03
   1   2   4   7   8   9  11  12  13  14        -0.335492E-03      0.114358E+02      0.641226E+03
   1   2   3   7   8  10  11  12  13  14         0.335492E-03      0.114358E+02      0.641226E+03
   1   2   3   4   5   7   8  12  13  14        -0.101794E-04     -0.767291E+03      0.216255E+04
   1   2   3   4   6   7   8  11  13  14         0.101794E-04     -0.767291E+03      0.216255E+04
   1   2   3   4   7   8   9  12  13  14         0.112491E-03      0.326317E+02      0.746433E+03
   1   2   3   4   7   8  10  11  13  14        -0.112491E-03      0.326317E+02      0.746433E+03
   1   2   3   4   7   8  11  12  13  14         0.159521E-05      0.160971E+04      0.564105E+04
   1   2   3   4   6   7  10  11  12  13         0.321985E-03      0.137116E+02      0.645668E+03
   1   2   3   4   5   8   9  11  12  14         0.321985E-03      0.137116E+02      0.645668E+03
   1   2   3   4   5   7   8  11  12  14        -0.254523E-04      0.366699E+03      0.172656E+04
   1   2   3   4   6   7   8  11  12  13         0.254523E-04      0.366699E+03      0.172656E+04
   1   2   3   4   7   8  10  11  12  13        -0.144060E-03      0.103049E+02      0.722725E+03
   1   2   3   4   7   8   9  11  12  14         0.144060E-03      0.103049E+02      0.722725E+03
   1   2   3   4   6   7  11  12  13  14         0.127903E-04      0.453613E+02      0.113152E+04
   1   2   3   4   5   8  11  12  13  14        -0.127903E-04      0.453613E+02      0.113152E+04
   1   2   3   6   7   8  11  12  13  14        -0.482891E-04      0.894086E+02      0.109858E+04
   1   2   4   5   7   8  11  12  13  14         0.482891E-04      0.894086E+02      0.109858E+04
   1   2   4   5   8   9  11  12  13  14        -0.112359E-03      0.117099E+02      0.724044E+03
   1   2   3   6   7  10  11  12  13  14        -0.112359E-03      0.117099E+02      0.724044E+03
