# of blocks mean (X_1)     std.err. (X_1)  std.err.err. (X_1)  
# from 50000 to 0
2049        -0.676797339922 4.47056399e-06  6.98525623e-08       
1024        -0.676797466699 5.81456947e-06  1.28547830e-07       
512         -0.676797466699 6.98587261e-06  2.18522024e-07       
256         -0.676797466699 7.09871648e-06  3.14336449e-07       
128         -0.676797466699 7.00504575e-06  4.39535662e-07       
64          -0.676797466699 6.80029107e-06  6.05818079e-07       
32          -0.676797466699 6.80854734e-06  8.64686376e-07       
16          -0.676797466699 7.17755408e-06  1.31043609e-06       
8           -0.676797466699 7.67460818e-06  2.05112531e-06       
4           -0.676797466699 7.94450333e-06  3.24332990e-06       
2           -0.676797466699 4.41796875e-06  3.12397566e-06       
