# of blocks mean (X_5)     std.err. (X_5)  std.err.err. (X_5)  mean (X_6)     std.err. (X_6)  std.err.err. (X_6)  cov(X_5,X_6)   mean (X_5/X_6)   std.err. (X_5/X_6) 
# from 50000 to 0
2049        -108006968.088 1.47942000e+02  2.31159375e+00       468183.739313  6.41061923e-01  1.00165926e-02       -1.94327e+05   -230.693548319482 4.539612786501e-07 
1024        -108006969.886 2.01997198e+02  4.46573070e+00       468183.747103  8.75267633e-01  1.93503157e-02       -1.81045e+05   -230.693548321098 6.354207958997e-07 
512         -108006969.886 2.68192163e+02  8.38920168e+00       468183.747103  1.16204057e+00  3.63492826e-02       -1.59565e+05   -230.693548321098 8.755576499751e-07 
256         -108006969.886 3.43422352e+02  1.52069974e+01       468183.747103  1.48788220e+00  6.58845312e-02       -1.30809e+05   -230.693548321098 1.187146316385e-06 
128         -108006969.886 4.44894410e+02  2.79151580e+01       468183.747103  1.92741807e+00  1.20936966e-01       -1.09760e+05   -230.693548321098 1.539227504994e-06 
64          -108006969.886 5.65855215e+02  5.04103892e+01       468183.747103  2.45139217e+00  2.18387372e-01       -8.87764e+04   -230.693548321098 1.853189951449e-06 
32          -108006969.886 6.79575536e+02  8.63061793e+01       468183.747103  2.94371843e+00  3.73852614e-01       -6.40153e+04   -230.693548321098 2.056874863530e-06 
16          -108006969.886 8.27822145e+02  1.51138954e+02       468183.747103  3.58590615e+00  6.54693896e-01       -4.74959e+04   -230.693548321098 2.303148660680e-06 
8           -108006969.886 8.66718688e+02  2.31640313e+02       468183.747103  3.75377114e+00  1.00323754e+00       -2.60277e+04   -230.693548321098 3.086076627317e-06 
4           -108006969.886 6.07949520e+02  2.48194352e+02       468183.747103  2.63313993e+00  1.07497487e+00       -6.40324e+03   -230.693548321098 3.681638176849e-06 
2           -108006969.886 1.87335506e+02  1.32466207e+02       468183.747103  8.22907999e-01  5.81883826e-01       -3.08320e+02   -230.693548321098 5.348456177340e-06 
