# of blocks mean (X_5)     std.err. (X_5)  std.err.err. (X_5)  mean (X_6)     std.err. (X_6)  std.err.err. (X_6)  cov(X_5,X_6)   mean (X_5/X_6)   std.err. (X_5/X_6) 
# from 50000 to 0
2049        -34581754.3227 2.36185117e+02  3.69039246e+00       90209.3665811  6.16111595e-01  9.62674366e-03       -2.98163e+05   -383.349929540433 7.497585434332e-08 
1024        -34581756.9532 3.29362985e+02  7.28151880e+00       90209.3734428  8.59175140e-01  1.89945447e-02       -2.89772e+05   -383.349929540883 1.043198169831e-07 
512         -34581756.9532 4.53050987e+02  1.41716897e+01       90209.3734428  1.18182751e+00  3.69682291e-02       -2.74139e+05   -383.349929540884 1.429023253984e-07 
256         -34581756.9532 6.14255950e+02  2.71997106e+01       90209.3734428  1.60234707e+00  7.09531208e-02       -2.51968e+05   -383.349929540883 1.914127168240e-07 
128         -34581756.9532 8.20065027e+02  5.14554562e+01       90209.3734428  2.13922089e+00  1.34226656e-01       -2.24550e+05   -383.349929540883 2.492450948638e-07 
64          -34581756.9532 1.07192459e+03  9.54946327e+01       90209.3734428  2.79622061e+00  2.49107131e-01       -1.91830e+05   -383.349929540883 3.166925165144e-07 
32          -34581756.9532 1.32508963e+03  1.68286552e+02       90209.3734428  3.45662100e+00  4.38991306e-01       -1.46571e+05   -383.349929540883 3.614717321098e-07 
16          -34581756.9532 1.59293465e+03  2.90828746e+02       90209.3734428  4.15530325e+00  7.58651108e-01       -1.05906e+05   -383.349929540883 2.467037113681e-07 
8           -34581756.9532 1.61995648e+03  4.32951580e+02       90209.3734428  4.22576353e+00  1.12938281e+00       -5.47644e+04   -383.349929540883 2.732881566443e-07 
4           -34581756.9532 4.69851394e+02  1.91816029e+02       90209.3734428  1.22562522e+00  5.00359399e-01       -2.30345e+03   -383.349929540883 3.706532264471e-07 
2           -34581756.9532 1.11162350e+02  7.86036514e+01       90209.3734428  2.89952536e-01  2.05027405e-01       -6.44636e+01   -383.349929540883 1.004938456529e-07 
