# of blocks mean (X_1)     std.err. (X_1)  std.err.err. (X_1)  
# from 50000 to 0
2049        -1.18929851830 1.32501547e-05  2.07033668e-07       
1024        -1.18929859668 1.71671863e-05  3.79530171e-07       
512         -1.18929859668 2.05508457e-05  6.42842011e-07       
256         -1.18929859668 2.12432598e-05  9.40667353e-07       
128         -1.18929859668 2.35031409e-05  1.47471822e-06       
64          -1.18929859668 2.54607942e-05  2.26822783e-06       
32          -1.18929859668 2.63940081e-05  3.35204238e-06       
16          -1.18929859668 2.93874984e-05  5.36539860e-06       
8           -1.18929859668 3.47955261e-05  9.29949551e-06       
4           -1.18929859668 2.25610698e-05  9.21051819e-06       
2           -1.18929859668 2.40292969e-05  1.69912788e-05       
