        2661
        1434
        2454
        1689
        1626
        1446
        1641
        2406
        2469
        2649
        2646
        1701
        1449
        2394
        2151
        2277
        1179
        1242
        3681
        2673
        3474
        1458
         414
        1422
         621
        2637
        1818
        1944
        2853
        2916
        2631
        3621
         741
        2676
        1419
        3354
         474
        1464
         207
        3888
        2247
         231
        1227
         219
        3633
        3378
        3696
        3504
        2127
         237
        3873
        1167
        2928
         222
         591
         717
        3858
        1968
        2868
         399
        3876
         462
        1848
        3864
        3609
        2439
        1656
         486
        3366
        1611
        2484
         729
        2139
        1257
        1191
        2262
        3489
        2418
        3666
        1713
        1677
         606
        2838
        1956
        2382
         429
        1833
        2904
        3171
        2289
        3219
        1266
        2829
        1806
         876
         924
        3339
         504
        3591
         756
        2343
         633
        3657
        2532
        1563
         438
        3462
        1752
        2166
        3237
        2643
        1761
        1209
        3162
        1443
        2514
        2334
        1452
        1929
         858
        1581
        2652
        2886
         933
        2259
        1251
        3249
        3186
        1551
         732
        2319
        3846
         948
         492
        3849
         888
        2358
         603
        1737
        3492
        1593
         423
        2502
        3672
        1197
        2142
        2898
        1953
        2163
        3297
        1203
        3282
        3597
         636
        2823
        3342
         444
         996
        1803
         984
         909
         846
        2844
        1836
        3147
        3363
         249
        2544
        3207
        3603
         246
        1776
        3111
        3099
        2292
        3651
        1272
        3459
         753
         498
         798
        1932
         813
        2892
         669
        1614
        2964
        1830
        1131
        2265
         366
        3426
        2199
        2445
        2481
        1254
        1896
        2841
        3729
        1650
        2379
         489
        3369
        2424
        1671
         726
        3606
        1716
         159
        1230
         111
        2253
        3984
        1842
        3936
        2865
         459
         711
        3384
        3636
        2613
        1338
        3684
        3480
         615
        2757
         411
        1482
        2157
        2913
        1182
        1938
        2709
        1638
        1386
        2457
        2409
        1686
         693
        3654
        2772
        1575
         378
        3465
        1512
        2331
        1146
        3225
        2451
        1506
        2229
        3174
        1635
        2769
        2889
         873
        2349
        2412
        1926
         918
        1566
        1692
        3123
        3267
        3312
         243
        3087
         252
        3843
        1008
         828
        3852
         783
         972
        2589
        1644
        2949
         870
        1326
        2460
        1866
         921
        1323
        2583
        2520
        3402
        1764
         441
        3717
         630
        2403
        3177
        2529
        2169
        1683
        3222
        1746
        1206
         123
        3273
        2355
        3552
         183
        3270
        1587
        3792
         126
        3213
         189
        2835
        2016
        3150
        1827
        3024
         843
        3372
         969
        2364
         903
        3612
         966
        1596
        2079
        1260
        3969
        1071
         882
        2268
        3906
         945
         543
         303
        1740
        2508
        3972
         822
        3912
         825
        2499
        3129
         483
        3192
        1731
        3126
         723
        3252
        2205
        1134
        2961
        1890
         363
        2505
        3432
        2361
         663
        1734
        3732
        1590
        1083
        3288
        3522
         435
        2103
         573
        3660
        3300
        3777
         807
         627
        3012
         318
        3468
         795
        1992
        2883
        3117
         993
        2172
        1923
        3102
         978
        1212
         315
        3528
         567
        3780
        2109
        3180
        3009
         867
        1086
        3228
        1986
         915
          63
        3276
        4032
         819
         963
        3132
