 &FCI NORB=   8,NELEC= 8,MS2=0,
  ORBSYM=1,1,1,1,1,1,1,1,
  ISYM=1,
 &END
 0.6190018029036751    1    1    1    1
 0.002119932170552289    1    1    2    1
 0.2061340355972221    1    1    2    2
 -0.001278394013912189    1    1    3    1
 0.001927044427619003    1    1    3    2
 0.1401892026334236    1    1    3    3
 0.007196345271547487    1    1    4    1
 0.001806958040006068    1    1    4    2
 -0.0007477094669375112    1    1    4    3
 0.3285334005479806    1    1    4    4
 -0.0002948602817107167    1    1    5    1
 -2.043866997656848e-05    1    1    5    2
 -4.029154565294493e-05    1    1    5    3
 -0.0002231343575973118    1    1    5    4
 0.206279603609629    1    1    5    5
 -4.624830173747526e-05    1    1    6    1
 3.050112562355276e-05    1    1    6    2
 -1.324631562940541e-05    1    1    6    3
 9.42306938227274e-05    1    1    6    4
 0.0001014063611202462    1    1    6    5
 0.1070471993021552    1    1    6    6
 -0.001079652109621197    1    1    7    1
 -7.498796885417055e-05    1    1    7    2
 2.190734203289638e-05    1    1    7    3
 -2.745182828355359e-05    1    1    7    4
 -0.001708838103779864    1    1    7    5
 0.0005388535229034937    1    1    7    6
 0.1370850038411947    1    1    7    7
 0.002391953696159356    1    1    8    1
 0.0007591858217157226    1    1    8    2
 -6.547803723342271e-06    1    1    8    3
 -0.0002616016759402071    1    1    8    4
 -0.00222092024416125    1    1    8    5
 -0.0004131053928983683    1    1    8    6
 -0.000373880654170786    1    1    8    7
 0.3111788418343511    1    1    8    8
 0.002119932170552295    2    1    1    1
 0.0001194615380328707    2    1    2    1
 0.0001696550645957411    2    1    2    2
 -4.37923100006779e-06    2    1    3    1
 0.0001134399010184515    2    1    3    2
 -0.0007943609246705488    2    1    3    3
 0.0002471476147967563    2    1    4    1
 5.426842369756331e-05    2    1    4    2
 -3.102192746060062e-05    2    1    4    3
 -0.0002972416985641906    2    1    4    4
 -2.347370747919845e-05    2    1    5    1
 2.623538904747011e-06    2    1    5    2
 6.332072402661828e-07    2    1    5    3
 4.552150493813164e-06    2    1    5    4
 -1.088500523151768e-05    2    1    5    5
 -1.652892145291907e-08    2    1    6    1
 1.710812148844234e-07    2    1    6    2
 2.871301738216248e-07    2    1    6    3
 8.459134384852866e-07    2    1    6    4
 -2.336660364352595e-06    2    1    6    5
 -1.940674258911495e-05    2    1    6    6
 -1.179736646861281e-05    2    1    7    1
 -1.049416106303967e-06    2    1    7    2
 -2.906859495309717e-07    2    1    7    3
 -6.755308072245631e-07    2    1    7    4
 -8.011810402660233e-06    2    1    7    5
 -2.825067283721832e-06    2    1    7    6
 -9.785099230974095e-05    2    1    7    7
 0.0001885785347778663    2    1    8    1
 7.899234398568611e-06    2    1    8    2
 2.390957611421395e-06    2    1    8    3
 -2.09519299394038e-05    2    1    8    4
 1.663915872268311e-05    2    1    8    5
 1.203581992619066e-07    2    1    8    6
 -4.7265700966692e-06    2    1    8    7
 -0.000373864271926982    2    1    8    8
 0.2061340355972221    2    2    1    1
 0.0001696550645957383    2    2    2    1
 0.6173552674371804    2    2    2    2
 0.0001505435959954406    2    2    3    1
 0.006992825602814162    2    2    3    2
 0.3249333116576339    2    2    3    3
 0.002234194769525508    2    2    4    1
 0.002001955451641361    2    2    4    2
 -0.0001184439031970883    2    2    4    3
 0.3109974375589931    2    2    4    4
 0.0001142127847082814    2    2    5    1
 8.170085449588894e-06    2    2    5    2
 -0.0001338814460356572    2    2    5    3
 0.0004229022904952265    2    2    5    4
 0.1077052640814874    2    2    5    5
 1.787124831028518e-06    2    2    6    1
 -7.237156916722786e-05    2    2    6    2
 -5.208028360534502e-05    2    2    6    3
 3.016583645654966e-05    2    2    6    4
 2.831088163068093e-05    2    2    6    5
 0.07211452759925331    2    2    6    6
 -0.0002733854265381269    2    2    7    1
 0.0001812900959113269    2    2    7    2
 5.14922160617575e-05    2    2    7    3
 -5.755356465957105e-05    2    2    7    4
 -0.000333904194198678    2    2    7    5
 0.0001685286113111296    2    2    7    6
 0.08515462540685834    2    2    7    7
 0.001708037555126852    2    2    8    1
 -0.001079054418979153    2    2    8    2
 -8.100326056351911e-05    2    2    8    3
 -0.0003483328031631124    2    2    8    4
 -0.0004910447900750583    2    2    8    5
 -7.058450889636694e-05    2    2    8    6
 -9.785585524665119e-05    2    2    8    7
 0.1370850045671526    2    2    8    8
 -0.001278394013912189    3    1    1    1
 -4.379231000067837e-06    3    1    2    1
 0.0001505435959954425    3    1    2    2
 1.96196923738303e-05    3    1    3    1
 -0.0001013627895545101    3    1    3    2
 -0.001481401910766415    3    1    3    3
 -8.552617945990392e-05    3    1    4    1
 -5.055791295897572e-05    3    1    4    2
 -1.693816499072597e-05    3    1    4    3
 0.0001872268991540044    3    1    4    4
 1.44851689478343e-06    3    1    5    1
 5.468126466433088e-07    3    1    5    2
 2.568158660820598e-06    3    1    5    3
 1.563189494424407e-06    3    1    5    4
 -0.0001750695463469861    3    1    5    5
 8.216547824692981e-09    3    1    6    1
 2.731240426414359e-07    3    1    6    2
 9.900696737037512e-07    3    1    6    3
 -1.66795770872187e-07    3    1    6    4
 -2.510196957459993e-07    3    1    6    5
 -3.898705793558299e-05    3    1    6    6
 3.515557877517009e-06    3    1    7    1
 -2.286236286658121e-07    3    1    7    2
 -1.024438711388188e-06    3    1    7    3
 3.390625062273707e-07    3    1    7    4
 4.026726804992665e-06    3    1    7    5
 -8.69972348961508e-07    3    1    7    6
 -7.058186974393717e-05    3    1    7    7
 -6.868541278084115e-06    3    1    8    1
 2.313853016275034e-06    3    1    8    2
 4.643964176591672e-06    3    1    8    3
 -4.895985518610056e-06    3    1    8    4
 8.462554249237719e-06    3    1    8    5
 1.202642891311829e-06    3    1    8    6
 1.203758052640768e-07    3    1    8    7
 -0.000413097035182662    3    1    8    8
 0.001927044427618995    3    2    1    1
 0.0001134399010184525    3    2    2    1
 0.006992825602814122    3    2    2    2
 -0.0001013627895545099    3    2    3    1
 0.004733208894097438    3    2    3    2
 0.008187575475620665    3    2    3    3
 -6.216441058541499e-05    3    2    4    1
 -2.359197474283057e-05    3    2    4    2
 0.0003170786756412693    3    2    4    3
 0.002387701538413505    3    2    4    4
 -2.860639630134506e-06    3    2    5    1
 -3.722782462827839e-06    3    2    5    2
 -2.12506833484189e-05    3    2    5    3
 8.253337155713513e-06    3    2    5    4
 0.0003717518972887283    3    2    5    5
 1.12371407743501e-07    3    2    6    1
 -2.970957323167018e-06    3    2    6    2
 -9.875566111174529e-06    3    2    6    3
 2.433121402070932e-06    3    2    6    4
 -4.843654726311455e-07    3    2    6    5
 0.0001259585548366692    3    2    6    6
 -6.638076542918059e-06    3    2    7    1
 5.049884220817021e-06    3    2    7    2
 1.008799998992748e-05    3    2    7    3
 -1.224491338084121e-06    3    2    7    4
 -6.55013531931082e-06    3    2    7    5
 6.657360590700224e-07    3    2    7    6
 0.0001685256117203469    3    2    7    7
 6.839424965847934e-05    3    2    8    1
 -5.233230049067244e-06    3    2    8    2
 -5.35797648341185e-05    3    2    8    3
 -1.555806441544608e-05    3    2    8    4
 -2.326027076420013e-06    3    2    8    5
 -8.699820392407429e-07    3    2    8    6
 -2.825089261674965e-06    3    2    8    7
 0.0005388466579030038    3    2    8    8
 0.1401892026334235    3    3    1    1
 -0.0007943609246705471    3    3    2    1
 0.3249333116576339    3    3    2    2
 -0.001481401910766417    3    3    3    1
 0.008187575475620662    3    3    3    2
 0.6031858226243524    3    3    3    3
 0.001797685436443655    3    3    4    1
 0.001889169304510307    3    3    4    2
 0.003391540080548929    3    3    4    3
 0.203973035150123    3    3    4    4
 0.0001271757730292999    3    3    5    1
 -5.575102766942917e-05    3    3    5    2
 -0.0004045869645842662    3    3    5    3
 0.0001725350181867739    3    3    5    4
 0.08638899642006694    3    3    5    5
 3.877657340563414e-06    3    3    6    1
 -5.078587746478702e-05    3    3    6    2
 -0.0001567029753962013    3    3    6    3
 -5.768887406192247e-06    3    3    6    4
 3.785000751905002e-05    3    3    6    5
 0.06193850446959892    3    3    6    6
 -0.0001203771762263905    3    3    7    1
 9.264848541760369e-05    3    3    7    2
 0.0001477740447178274    3    3    7    3
 -2.411794541851435e-05    3    3    7    4
 -0.0001527237645235012    3    3    7    5
 0.0001259608900453079    3    3    7    6
 0.07211452757492728    3    3    7    7
 0.0005034826295609067    3    3    8    1
 -0.0005991207729049464    3    3    8    2
 -0.0006379380072584921    3    3    8    3
 -2.009714769775495e-05    3    3    8    4
 -0.0003380802518914373    3    3    8    5
 -3.898887481740653e-05    3    3    8    6
 -1.940994138677366e-05    3    3    8    7
 0.1070471994545311    3    3    8    8
 0.00719634527154749    4    1    1    1
 0.0002471476147967539    4    1    2    1
 0.002234194769525493    4    1    2    2
 -8.552617945990408e-05    4    1    3    1
 -6.216441058541603e-05    4    1    3    2
 0.001797685436443658    4    1    3    3
 0.004810344422965025    4    1    4    1
 1.940747840093588e-05    4    1    4    2
 0.000118452680797942    4    1    4    3
 0.007490052570346495    4    1    4    4
 -0.0001259639519573279    4    1    5    1
 6.975406874581017e-06    4    1    5    2
 -1.981497807915906e-06    4    1    5    3
 9.360946426417745e-05    4    1    5    4
 0.001867176005082969    4    1    5    5
 1.250801201303552e-06    4    1    6    1
 2.302897399693991e-07    4    1    6    2
 -7.657420548623617e-07    4    1    6    3
 1.553849701566575e-05    4    1    6    4
 -3.691360468746312e-06    4    1    6    5
 0.000338075568974376    4    1    6    6
 -5.043450518925646e-06    4    1    7    1
 2.463156058604782e-07    4    1    7    2
 1.239824583766516e-06    4    1    7    3
 -4.343782869414169e-05    4    1    7    4
 -6.905228760541147e-05    4    1    7    5
 2.326022901198385e-06    4    1    7    6
 0.0004910380773571053    4    1    7    7
 1.370478824855341e-05    4    1    8    1
 -3.50538373369811e-05    4    1    8    2
 -8.344357518246739e-06    4    1    8    3
 0.0002557601106142648    4    1    8    4
 6.633602459929874e-05    4    1    8    5
 -8.462576961054241e-06    4    1    8    6
 -1.663929221016993e-05    4    1    8    7
 0.002220895726968119    4    1    8    8
 0.001806958040006043    4    2    1    1
 5.426842369756358e-05    4    2    2    1
 0.002001955451641378    4    2    2    2
 -5.055791295897582e-05    4    2    3    1
 -2.359197474283627e-05    4    2    3    2
 0.001889169304510303    4    2    3    3
 1.940747840092868e-05    4    2    4    1
 0.003335914052069124    4    2    4    2
 8.242826166106458e-05    4    2    4    3
 0.002434162215217586    4    2    4    4
 2.743654333958308e-05    4    2    5    1
 -1.279374232766125e-06    4    2    5    2
 -3.032792232335107e-06    4    2    5    3
 1.085214174714002e-05    4    2    5    4
 0.0005036184176568026    4    2    5    5
 9.595202659721977e-07    4    2    6    1
 -7.223041150236855e-06    4    2    6    2
 -8.463572028442481e-07    4    2    6    3
 1.291044787559186e-05    4    2    6    4
 3.299359555683554e-06    4    2    6    5
 0.0001527186619248251    4    2    6    6
 -2.129492576121256e-06    4    2    7    1
 7.87914463101624e-06    4    2    7    2
 1.386400618324434e-06    4    2    7    3
 -1.624838050272816e-05    4    2    7    4
 -8.538488055069054e-07    4    2    7    5
 6.550103321822245e-06    4    2    7    6
 0.000333896143629344    4    2    7    7
 -0.0001299077643726117    4    2    8    1
 -6.848591503759746e-05    4    2    8    2
 -8.436521076548375e-06    4    2    8    3
 0.0001938363186007487    4    2    8    4
 -6.905203290787857e-05    4    2    8    5
 -4.026748321074326e-06    4    2    8    6
 8.011677398826411e-06    4    2    8    7
 0.001708813323273009    4    2    8    8
 -0.0007477094669375166    4    3    1    1
 -3.102192746060046e-05    4    3    2    1
 -0.0001184439031970875    4    3    2    2
 -1.693816499072589e-05    4    3    3    1
 0.0003170786756412682    4    3    3    2
 0.003391540080548931    4    3    3    3
 0.0001184526807979414    4    3    4    1
 8.242826166106546e-05    4    3    4    2
 0.0001487738696163078    4    3    4    3
 0.000175593344226056    4    3    4    4
 3.699807080717869e-06    4    3    5    1
 -1.335969133022148e-06    4    3    5    2
 -6.480778958154049e-06    4    3    5    3
 1.247277588713649e-06    4    3    5    4
 -0.0001251291230562809    4    3    5    5
 1.464361110694685e-07    4    3    6    1
 -3.816241641439084e-07    4    3    6    2
 -2.995682830614393e-06    4    3    6    3
 -2.698943600029259e-07    4    3    6    4
 7.916316958892564e-07    4    3    6    5
 -3.785006083153665e-05    4    3    6    6
 2.493842083352776e-06    4    3    7    1
 8.706328875546684e-07    4    3    7    2
 2.816506842381347e-06    4    3    7    3
 -1.399724951922705e-06    4    3    7    4
 3.299387806282705e-06    4    3    7    5
 4.843658089182096e-07    4    3    7    6
 -2.831099014078519e-05    4    3    7    7
 -2.881511155400949e-05    4    3    8    1
 -6.116235671693596e-06    4    3    8    2
 -1.358811462387804e-05    4    3    8    3
 2.317144856848701e-05    4    3    8    4
 -3.691340586680402e-06    4    3    8    5
 2.510237455834063e-07    4    3    8    6
 2.33666715517519e-06    4    3    8    7
 -0.0001014067828540137    4    3    8    8
 0.3285334005479804    4    4    1    1
 -0.0002972416985641898    4    4    2    1
 0.3109974375589931    4    4    2    2
 0.0001872268991540047    4    4    3    1
 0.002387701538413506    4    4    3    2
 0.203973035150123    4    4    3    3
 0.007490052570346518    4    4    4    1
 0.002434162215217654    4    4    4    2
 0.00017559334422606    4    4    4    3
 0.6200063202634114    4    4    4    4
 0.0007533677766103188    4    4    5    1
 1.071104429660584e-05    4    4    5    2
 -5.017301892040031e-05    4    4    5    3
 0.00139135586276117    4    4    5    4
 0.1412354546926188    4    4    5    5
 2.919692521010051e-05    4    4    6    1
 4.996203625177711e-05    4    4    6    2
 -2.330145374520367e-05    4    4    6    3
 0.0003057388967619414    4    4    6    4
 0.0001251291009301591    4    4    6    5
 0.08638899652701137    4    4    6    6
 -0.0005780252206903705    4    4    7    1
 -4.588241468353799e-05    4    4    7    2
 2.063005401216022e-05    4    4    7    3
 -0.0004619134517354354    4    4    7    4
 -0.0005036303335279146    4    4    7    5
 0.0003717567798232971    4    4    7    6
 0.1077052642255799    4    4    7    7
 0.001814612082861881    4    4    8    1
 0.0007744341267853107    4    4    8    2
 1.1835868145217e-05    4    4    8    3
 0.002275664024117554    4    4    8    4
 -0.001867190425772309    4    4    8    5
 -0.0001750743271254043    4    4    8    6
 -1.089380176433765e-05    4    4    8    7
 0.2062796050649987    4    4    8    8
 -0.0002948602817107155    5    1    1    1
 -2.34737074791987e-05    5    1    2    1
 0.0001142127847082798    5    1    2    2
 1.448516894783412e-06    5    1    3    1
 -2.860639630133451e-06    5    1    3    2
 0.0001271757730292996    5    1    3    3
 -0.0001259639519573287    5    1    4    1
 2.743654333958237e-05    5    1    4    2
 3.699807080718165e-06    5    1    4    3
 0.0007533677766103137    5    1    4    4
 0.0001209738407604184    5    1    5    1
 -8.316996421950344e-06    5    1    5    2
 3.248585027566508e-06    5    1    5    3
 -7.579963294922257e-06    5    1    5    4
 -0.002275663232071761    5    1    5    5
 2.197908707414497e-06    5    1    6    1
 -4.377374944756208e-08    5    1    6    2
 1.267761574511645e-08    5    1    6    3
 3.382771231067413e-07    5    1    6    4
 2.31714244816336e-05    5    1    6    5
 2.009703154392516e-05    5    1    6    6
 -7.131282855585545e-06    5    1    7    1
 7.679146463756209e-08    5    1    7    2
 -1.545761327931084e-08    5    1    7    3
 -1.973519151479752e-06    5    1    7    4
 0.0001938372428250304    5    1    7    5
 1.555806230523702e-05    5    1    7    6
 0.0003483316506749546    5    1    7    7
 -6.288973331007491e-05    5    1    8    1
 4.249158887618108e-06    5    1    8    2
 -6.376108053624268e-07    5    1    8    3
 2.86681823702961e-05    5    1    8    4
 0.0002557568417688182    5    1    8    5
 4.895933747933668e-06    5    1    8    6
 2.095199005910972e-05    5    1    8    7
 0.0002616056374083935    5    1    8    8
 -2.043866997656876e-05    5    2    1    1
 2.623538904747011e-06    5    2    2    1
 8.170085449588804e-06    5    2    2    2
 5.468126466433106e-07    5    2    3    1
 -3.722782462827889e-06    5    2    3    2
 -5.575102766942939e-05    5    2    3    3
 6.975406874580962e-06    5    2    4    1
 -1.279374232766116e-06    5    2    4    2
 -1.335969133022165e-06    5    2    4    3
 1.071104429660551e-05    5    2    4    4
 -8.316996421950334e-06    5    2    5    1
 1.313375793733763e-06    5    2    5    2
 -5.499749962155248e-07    5    2    5    3
 3.29408308900717e-06    5    2    5    4
 0.0004619121015461062    5    2    5    5
 -7.278733580012944e-08    5    2    6    1
 5.505036643935119e-08    5    2    6    2
 2.815520973371451e-08    5    2    6    3
 7.919317966474919e-08    5    2    6    4
 -1.399724672021424e-06    5    2    6    5
 2.411778802022506e-05    5    2    6    6
 3.003393899749975e-07    5    2    7    1
 -9.189799622176697e-08    5    2    7    2
 -7.160753881353635e-09    5    2    7    3
 -1.227888008705265e-07    5    2    7    4
 -1.624855113272828e-05    5    2    7    5
 1.224498189917375e-06    5    2    7    6
 5.755330497060764e-05    5    2    7    7
 7.112192154876406e-06    5    2    8    1
 -3.466938396643654e-07    5    2    8    2
 3.047883580350012e-07    5    2    8    3
 -1.973499455248824e-06    5    2    8    4
 -4.343762200169908e-05    5    2    8    5
 -3.390640867934597e-07    5    2    8    6
 6.755473823455916e-07    5    2    8    7
 2.745194683290544e-05    5    2    8    8
 -4.029154565294481e-05    5    3    1    1
 6.332072402661894e-07    5    3    2    1
 -0.000133881446035657    5    3    2    2
 2.568158660820596e-06    5    3    3    1
 -2.125068334841882e-05    5    3    3    2
 -0.0004045869645842659    5    3    3    3
 -1.981497807915951e-06    5    3    4    1
 -3.032792232335088e-06    5    3    4    2
 -6.480778958154057e-06    5    3    4    3
 -5.017301892040043e-05    5    3    4    4
 3.2485850275665e-06    5    3    5    1
 -5.499749962155245e-07    5    3    5    2
 1.263093208151278e-06    5    3    5    3
 -1.798903291157927e-06    5    3    5    4
 -0.0003057333106425129    5    3    5    5
 -2.522816099546832e-08    5    3    6    1
 5.943236539589656e-08    5    3    6    2
 3.27456041233095e-07    5    3    6    3
 1.038320323047406e-09    5    3    6    4
 -2.698926394143703e-07    5    3    6    5
 5.770380771398408e-06    5    3    6    6
 -2.808113655358703e-07    5    3    7    1
 -6.230858938821649e-08    5    3    7    2
 -3.395795050333464e-07    5    3    7    3
 7.919270560480601e-08    5    3    7    4
 1.291054106946319e-05    5    3    7    5
 -2.433107902294648e-06    5    3    7    6
 -3.016329158358255e-05    5    3    7    7
 -2.112671056991702e-06    5    3    8    1
 9.532587733597358e-07    5    3    8    2
 1.159147605776585e-06    5    3    8    3
 3.382717234526053e-07    5    3    8    4
 1.553835993137705e-05    5    3    8    5
 1.668016347642313e-07    5    3    8    6
 -8.459105826216854e-07    5    3    8    7
 -9.422823830412374e-05    5    3    8    8
 -0.0002231343575973143    5    4    1    1
 4.552150493813077e-06    5    4    2    1
 0.000422902290495226    5    4    2    2
 1.5631894944244e-06    5    4    3    1
 8.25333715571365e-06    5    4    3    2
 0.0001725350181867735    5    4    3    3
 9.360946426417705e-05    5    4    4    1
 1.085214174713977e-05    5    4    4    2
 1.247277588713644e-06    5    4    4    3
 0.001391355862761169    5    4    4    4
 -7.579963294922235e-06    5    4    5    1
 3.29408308900717e-06    5    4    5    2
 -1.798903291157928e-06    5    4    5    3
 1.958778851041384e-05    5    4    5    4
 0.001391317717382281    5    4    5    5
 3.290603683944789e-07    5    4    6    1
 1.429149410597682e-07    5    4    6    2
 -8.007276675467086e-08    5    4    6    3
 1.798936068831157e-06    5    4    6    4
 -1.247261041515009e-06    5    4    6    5
 0.0001725255221740189    5    4    6    6
 -1.699483615288939e-06    5    4    7    1
 -1.397081529857591e-08    5    4    7    2
 1.429134605446977e-07    5    4    7    3
 -3.294126414629328e-06    5    4    7    4
 -1.085237863263724e-05    5    4    7    5
 8.253232513925306e-06    5    4    7    6
 0.0004228856835326213    5    4    7    7
 4.934621531400714e-05    5    4    8    1
 -1.699377943351261e-06    5    4    8    2
 3.290645407529943e-07    5    4    8    3
 7.580212865928435e-06    5    4    8    4
 -9.360863636798342e-05    5    4    8    5
 1.563178152656555e-06    5    4    8    6
 4.552249035321358e-06    5    4    8    7
 -0.0002231444622098672    5    4    8    8
 0.2062796036096289    5    5    1    1
 -1.088500523151716e-05    5    5    2    1
 0.1077052640814875    5    5    2    2
 -0.0001750695463469859    5    5    3    1
 0.0003717518972887299    5    5    3    2
 0.08638899642006694    5    5    3    3
 0.001867176005082968    5    5    4    1
 0.0005036184176567982    5    5    4    2
 -0.0001251291230562827    5    5    4    3
 0.1412354546926187    5    5    4    4
 -0.002275663232071755    5    5    5    1
 0.0004619121015461051    5    5    5    2
 -0.0003057333106425121    5    5    5    3
 0.001391317717382281    5    5    5    4
 0.620006324028241    5    5    5    5
 1.183594815854427e-05    5    5    6    1
 2.063015163927172e-05    5    5    6    2
 -2.33009309746823e-05    5    5    6    3
 5.017240397878057e-05    5    5    6    4
 -0.0001755943439981423    5    5    6    5
 0.2039730357106015    5    5    6    6
 0.0007744360703533821    5    5    7    1
 -4.588574819324164e-05    5    5    7    2
 4.996252211316853e-05    5    5    7    3
 -1.071129644670968e-05    5    5    7    4
 -0.002434269973284595    5    5    7    5
 0.002387726282490149    5    5    7    6
 0.3109974379089039    5    5    7    7
 0.001814539539003837    5    5    8    1
 -0.000578022379278307    5    5    8    2
 2.919508208020587e-05    5    5    8    3
 -0.0007533645184835162    5    5    8    4
 -0.007489989564788666    5    5    8    5
 0.0001872219577697309    5    5    8    6
 -0.0002972406208572141    5    5    8    7
 0.3285334012197662    5    5    8    8
 -4.624830173747551e-05    6    1    1    1
 -1.652892145292963e-08    6    1    2    1
 1.787124831028365e-06    6    1    2    2
 8.21654782469547e-09    6    1    3    1
 1.123714077434982e-07    6    1    3    2
 3.877657340563382e-06    6    1    3    3
 1.250801201303513e-06    6    1    4    1
 9.595202659721789e-07    6    1    4    2
 1.464361110694803e-07    6    1    4    3
 2.919692521010054e-05    6    1    4    4
 2.197908707414483e-06    6    1    5    1
 -7.278733580012851e-08    6    1    5    2
 -2.522816099546967e-08    6    1    5    3
 3.290603683944778e-07    6    1    5    4
 1.183594815854417e-05    6    1    5    5
 2.174512334387979e-06    6    1    6    1
 -4.837546078046274e-07    6    1    6    2
 4.98284714043539e-07    6    1    6    3
 -1.15914270850709e-06    6    1    6    4
 1.358810344841657e-05    6    1    6    5
 -0.000637940800067411    6    1    6    6
 1.019831935009934e-06    6    1    7    1
 -1.654000582680273e-07    6    1    7    2
 1.087071555096512e-07    6    1    7    3
 -3.047892561396672e-07    6    1    7    4
 8.436462413872787e-06    6    1    7    5
 -5.357958653198135e-05    6    1    7    6
 -8.100494284057662e-05    6    1    7    7
 -8.347069262634153e-07    6    1    8    1
 -1.98605122647628e-08    6    1    8    2
 -1.678030148680084e-08    6    1    8    3
 6.37610392622008e-07    6    1    8    4
 8.344319160615952e-06    6    1    8    5
 4.643933707300316e-06    6    1    8    6
 2.390947376427499e-06    6    1    8    7
 -6.545651057157229e-06    6    1    8    8
 3.050112562355264e-05    6    2    1    1
 1.71081214884429e-07    6    2    2    1
 -7.237156916722792e-05    6    2    2    2
 2.731240426414386e-07    6    2    3    1
 -2.970957323167029e-06    6    2    3    2
 -5.078587746478708e-05    6    2    3    3
 2.302897399694258e-07    6    2    4    1
 -7.223041150236867e-06    6    2    4    2
 -3.81624164143912e-07    6    2    4    3
 4.996203625177722e-05    6    2    4    4
 -4.377374944755746e-08    6    2    5    1
 5.50503664393512e-08    6    2    5    2
 5.943236539589693e-08    6    2    5    3
 1.429149410597682e-07    6    2    5    4
 2.063015163927167e-05    6    2    5    5
 -4.837546078046269e-07    6    2    6    1
 1.852823549056374e-07    6    2    6    2
 -1.077285731374357e-07    6    2    6    3
 3.395785687382064e-07    6    2    6    4
 -2.816498473592372e-06    6    2    6    5
 0.0001477744758214574    6    2    6    6
 -3.015125728727876e-07    6    2    7    1
 -5.567766627175646e-08    6    2    7    2
 -4.879116801903514e-08    6    2    7    3
 7.160681919468758e-09    6    2    7    4
 -1.386390750880987e-06    6    2    7    5
 1.008789992228176e-05    6    2    7    6
 5.149244123346014e-05    6    2    7    7
 3.222153529067881e-07    6    2    8    1
 6.801352308279071e-07    6    2    8    2
 1.087069634867202e-07    6    2    8    3
 1.545872821013104e-08    6    2    8    4
 -1.239826512340223e-06    6    2    8    5
 -1.024432548573755e-06    6    2    8    6
 -2.906847617122191e-07    6    2    8    7
 2.190732254080272e-05    6    2    8    8
 -1.324631562940532e-05    6    3    1    1
 2.87130173821626e-07    6    3    2    1
 -5.208028360534495e-05    6    3    2    2
 9.900696737037502e-07    6    3    3    1
 -9.875566111174495e-06    6    3    3    2
 -0.0001567029753962012    6    3    3    3
 -7.657420548623831e-07    6    3    4    1
 -8.463572028442555e-07    6    3    4    2
 -2.995682830614394e-06    6    3    4    3
 -2.330145374520378e-05    6    3    4    4
 1.267761574511494e-08    6    3    5    1
 2.815520973371469e-08    6    3    5    2
 3.274560412330945e-07    6    3    5    3
 -8.007276675467049e-08    6    3    5    4
 -2.330093097468218e-05    6    3    5    5
 4.982847140435386e-07    6    3    6    1
 -1.077285731374358e-07    6    3    6    2
 2.712067111805636e-07    6    3    6    3
 -3.274533666276221e-07    6    3    6    4
 2.99566590700405e-06    6    3    6    5
 -0.0001567006814395451    6    3    6    6
 2.262004400885211e-07    6    3    7    1
 -7.341185570981148e-08    6    3    7    2
 -1.077296120063789e-07    6    3    7    3
 -2.815487477687804e-08    6    3    7    4
 8.463412987934108e-07    6    3    7    5
 -9.875508579667407e-06    6    3    7    6
 -5.207918795157853e-05    6    3    7    7
 -1.104250619181434e-07    6    3    8    1
 2.262027806373426e-07    6    3    8    2
 4.982869601372512e-07    6    3    8    3
 -1.267805675235698e-08    6    3    8    4
 7.657349497347411e-07    6    3    8    5
 9.900579879908805e-07    6    3    8    6
 2.871233812015913e-07    6    3    8    7
 -1.32461499035167e-05    6    3    8    8
 9.423069382272685e-05    6    4    1    1
 8.459134384852633e-07    6    4    2    1
 3.016583645654977e-05    6    4    2    2
 -1.667957708721855e-07    6    4    3    1
 2.433121402070906e-06    6    4    3    2
 -5.768887406192203e-06    6    4    3    3
 1.553849701566583e-05    6    4    4    1
 1.291044787559182e-05    6    4    4    2
 -2.698943600029333e-07    6    4    4    3
 0.0003057388967619417    6    4    4    4
 3.382771231067515e-07    6    4    5    1
 7.91931796647489e-08    6    4    5    2
 1.03832032304766e-09    6    4    5    3
 1.798936068831155e-06    6    4    5    4
 5.017240397878053e-05    6    4    5    5
 -1.15914270850709e-06    6    4    6    1
 3.395785687382066e-07    6    4    6    2
 -3.274533666276221e-07    6    4    6    3
 1.263092583299448e-06    6    4    6    4
 -6.480749082078254e-06    6    4    6    5
 0.0004045819097348664    6    4    6    6
 -9.532586868685341e-07    6    4    7    1
 6.230548285588208e-08    6    4    7    2
 -5.9431358284503e-08    6    4    7    3
 -5.499811859344592e-07    6    4    7    4
 -3.032755957983947e-06    6    4    7    5
 2.125058735817321e-05    6    4    7    6
 0.0001338791453783253    6    4    7    7
 2.112711524473447e-06    6    4    8    1
 2.80820557373589e-07    6    4    8    2
 2.522791273680075e-08    6    4    8    3
 3.248611763637177e-06    6    4    8    4
 -1.981499988006472e-06    6    4    8    5
 -2.568132941893477e-06    6    4    8    6
 -6.331940983325399e-07    6    4    8    7
 4.029220434647202e-05    6    4    8    8
 0.0001014063611202499    6    5    1    1
 -2.336660364352641e-06    6    5    2    1
 2.831088163068168e-05    6    5    2    2
 -2.510196957459925e-07    6    5    3    1
 -4.843654726313074e-07    6    5    3    2
 3.785000751905018e-05    6    5    3    3
 -3.691360468746491e-06    6    5    4    1
 3.299359555683543e-06    6    5    4    2
 7.916316958892538e-07    6    5    4    3
 0.0001251291009301588    6    5    4    4
 2.317142448163381e-05    6    5    5    1
 -1.399724672021427e-06    6    5    5    2
 -2.698926394143792e-07    6    5    5    3
 -1.247261041514976e-06    6    5    5    4
 -0.0001755943439981414    6    5    5    5
 1.358810344841656e-05    6    5    6    1
 -2.816498473592375e-06    6    5    6    2
 2.995665907004056e-06    6    5    6    3
 -6.480749082078253e-06    6    5    6    4
 0.000148773637604894    6    5    6    5
 -0.003391535774680586    6    5    6    6
 6.116211368627454e-06    6    5    7    1
 -8.706314884642777e-07    6    5    7    2
 3.816235753957667e-07    6    5    7    3
 -1.335971138344969e-06    6    5    7    4
 8.242908203275232e-05    6    5    7    5
 -0.0003170761731515802    6    5    7    6
 0.0001184461615853308    6    5    7    7
 2.881478885738456e-05    6    5    8    1
 -2.493837058016995e-06    6    5    8    2
 -1.464385491660124e-07    6    5    8    3
 3.699808576766311e-06    6    5    8    4
 0.0001184523406764736    6    5    8    5
 1.693797675457891e-05    6    5    8    6
 3.102186998084804e-05    6    5    8    7
 0.0007477097188837865    6    5    8    8
 0.1070471993021552    6    6    1    1
 -1.94067425891147e-05    6    6    2    1
 0.07211452759925333    6    6    2    2
 -3.89870579355828e-05    6    6    3    1
 0.0001259585548366709    6    6    3    2
 0.06193850446959891    6    6    3    3
 0.00033807556897438    6    6    4    1
 0.0001527186619248204    6    6    4    2
 -3.785006083153686e-05    6    6    4    3
 0.0863889965270114    6    6    4    4
 2.009703154392353e-05    6    6    5    1
 2.411778802022514e-05    6    6    5    2
 5.770380771398396e-06    6    6    5    3
 0.0001725255221740185    6    6    5    4
 0.2039730357106017    6    6    5    5
 -0.0006379408000674106    6    6    6    1
 0.0001477744758214576    6    6    6    2
 -0.0001567006814395453    6    6    6    3
 0.0004045819097348669    6    6    6    4
 -0.00339153577468058    6    6    6    5
 0.6031858304713013    6    6    6    6
 -0.0005991179926185769    6    6    7    1
 9.264427173351738e-05    6    6    7    2
 -5.078547923544195e-05    6    6    7    3
 5.575143701058228e-05    6    6    7    4
 -0.001889124690986224    6    6    7    5
 0.00818751489364087    6    6    7    6
 0.3249333126141248    6    6    7    7
 0.0005034630302906814    6    6    8    1
 -0.0001203763598603517    6    6    8    2
 3.877063578721192e-06    6    6    8    3
 -0.0001271749991446162    6    6    8    4
 -0.001797671362368511    6    6    8    5
 -0.001481383620600211    6    6    8    6
 -0.0007943433388142049    6    6    8    7
 0.140189203127765    6    6    8    8
 -0.001079652109621197    7    1    1    1
 -1.179736646861278e-05    7    1    2    1
 -0.0002733854265381273    7    1    2    2
 3.515557877517022e-06    7    1    3    1
 -6.638076542918116e-06    7    1    3    2
 -0.0001203771762263906    7    1    3    3
 -5.043450518926025e-06    7    1    4    1
 -2.129492576121083e-06    7    1    4    2
 2.493842083352775e-06    7    1    4    3
 -0.0005780252206903685    7    1    4    4
 -7.131282855585452e-06    7    1    5    1
 3.003393899749935e-07    7    1    5    2
 -2.808113655358721e-07    7    1    5    3
 -1.69948361528893e-06    7    1    5    4
 0.0007744360703533814    7    1    5    5
 1.019831935009935e-06    7    1    6    1
 -3.015125728727882e-07    7    1    6    2
 2.262004400885219e-07    7    1    6    3
 -9.532586868685346e-07    7    1    6    4
 6.116211368627469e-06    7    1    6    5
 -0.0005991179926185774    7    1    6    6
 1.965671931456041e-05    7    1    7    1
 -1.196718979547935e-06    7    1    7    2
 6.801342591680218e-07    7    1    7    3
 3.466875168017686e-07    7    1    7    4
 6.848515678886201e-05    7    1    7    5
 -5.233378121203506e-06    7    1    7    6
 -0.001079049904968279    7    1    7    7
 -6.737876094366572e-05    7    1    8    1
 -4.752928593910707e-06    7    1    8    2
 -1.986565975263019e-08    7    1    8    3
 -4.249170035231769e-06    7    1    8    4
 3.505389935416117e-05    7    1    8    5
 2.313806593647083e-06    7    1    8    6
 7.898988621597184e-06    7    1    8    7
 0.0007591831129032467    7    1    8    8
 -7.498796885417058e-05    7    2    1    1
 -1.049416106303982e-06    7    2    2    1
 0.0001812900959113268    7    2    2    2
 -2.286236286658156e-07    7    2    3    1
 5.04988422081704e-06    7    2    3    2
 9.264848541760391e-05    7    2    3    3
 2.463156058604119e-07    7    2    4    1
 7.879144631016214e-06    7    2    4    2
 8.70632887554667e-07    7    2    4    3
 -4.588241468353789e-05    7    2    4    4
 7.679146463756018e-08    7    2    5    1
 -9.189799622176694e-08    7    2    5    2
 -6.230858938821668e-08    7    2    5    3
 -1.397081529857542e-08    7    2    5    4
 -4.588574819324173e-05    7    2    5    5
 -1.654000582680279e-07    7    2    6    1
 -5.567766627175613e-08    7    2    6    2
 -7.341185570981148e-08    7    2    6    3
 6.230548285588238e-08    7    2    6    4
 -8.706314884642798e-07    7    2    6    5
 9.264427173351738e-05    7    2    6    6
 -1.196718979547938e-06    7    2    7    1
 3.586084200865895e-07    7    2    7    2
 -5.567543340150219e-08    7    2    7    3
 9.189823344647715e-08    7    2    7    4
 -7.879026045182565e-06    7    2    7    5
 5.049797774936429e-06    7    2    7    6
 0.0001812813555447449    7    2    7    7
 -8.328335352108998e-07    7    2    8    1
 -1.196737787281049e-06    7    2    8    2
 -1.654004374254451e-07    7    2    8    3
 -7.679283864860632e-08    7    2    8    4
 -2.462682117385837e-07    7    2    8    5
 -2.28620197326876e-07    7    2    8    6
 -1.049394899200146e-06    7    2    8    7
 -7.498890883489376e-05    7    2    8    8
 2.190734203289633e-05    7    3    1    1
 -2.906859495309704e-07    7    3    2    1
 5.149221606175739e-05    7    3    2    2
 -1.024438711388187e-06    7    3    3    1
 1.008799998992745e-05    7    3    3    2
 0.0001477740447178272    7    3    3    3
 1.239824583766524e-06    7    3    4    1
 1.386400618324441e-06    7    3    4    2
 2.816506842381348e-06    7    3    4    3
 2.06300540121603e-05    7    3    4    4
 -1.545761327931315e-08    7    3    5    1
 -7.160753881353467e-09    7    3    5    2
 -3.39579505033346e-07    7    3    5    3
 1.429134605446979e-07    7    3    5    4
 4.996252211316853e-05    7    3    5    5
 1.087071555096516e-07    7    3    6    1
 -4.879116801903515e-08    7    3    6    2
 -1.077296120063789e-07    7    3    6    3
 -5.943135828450328e-08    7    3    6    4
 3.816235753957618e-07    7    3    6    5
 -5.078547923544201e-05    7    3    6    6
 6.801342591680224e-07    7    3    7    1
 -5.567543340150251e-08    7    3    7    2
 1.85282637781456e-07    7    3    7    3
 -5.50512751886093e-08    7    3    7    4
 7.223030468709405e-06    7    3    7    5
 -2.970930323387589e-06    7    3    7    6
 -7.237082073352589e-05    7    3    7    7
 3.222120085099955e-07    7    3    8    1
 -3.015129530561893e-07    7    3    8    2
 -4.837551154971146e-07    7    3    8    3
 4.377415881311612e-08    7    3    8    4
 -2.302893030117654e-07    7    3    8    5
 2.731208872611058e-07    7    3    8    6
 1.710737687673126e-07    7    3    8    7
 3.050134791964339e-05    7    3    8    8
 -2.745182828355335e-05    7    4    1    1
 -6.755308072245503e-07    7    4    2    1
 -5.755356465957107e-05    7    4    2    2
 3.390625062273702e-07    7    4    3    1
 -1.224491338084136e-06    7    4    3    2
 -2.411794541851422e-05    7    4    3    3
 -4.343782869414184e-05    7    4    4    1
 -1.624838050272819e-05    7    4    4    2
 -1.399724951922715e-06    7    4    4    3
 -0.0004619134517354346    7    4    4    4
 -1.97351915147973e-06    7    4    5    1
 -1.227888008705277e-07    7    4    5    2
 7.919270560480531e-08    7    4    5    3
 -3.294126414629324e-06    7    4    5    4
 -1.071129644670996e-05    7    4    5    5
 -3.047892561396673e-07    7    4    6    1
 7.160681919468672e-09    7    4    6    2
 -2.815487477687787e-08    7    4    6    3
 -5.499811859344595e-07    7    4    6    4
 -1.335971138344947e-06    7    4    6    5
 5.575143701058228e-05    7    4    6    6
 3.466875168017698e-07    7    4    7    1
 9.189823344647674e-08    7    4    7    2
 -5.505127518860838e-08    7    4    7    3
 1.313381536289958e-06    7    4    7    4
 -1.279663123136306e-06    7    4    7    5
 3.722720571873659e-06    7    4    7    6
 -8.169165066964276e-06    7    4    7    7
 -7.112243092154714e-06    7    4    8    1
 -3.00338295740136e-07    7    4    8    2
 7.278717555655671e-08    7    4    8    3
 -8.317035484257897e-06    7    4    8    4
 6.975427362099094e-06    7    4    8    5
 -5.468151702940334e-07    7    4    8    6
 -2.623544751788026e-06    7    4    8    7
 2.043865815847317e-05    7    4    8    8
 -0.001708838103779855    7    5    1    1
 -8.011810402659979e-06    7    5    2    1
 -0.0003339041941986825    7    5    2    2
 4.026726804992799e-06    7    5    3    1
 -6.550135319311049e-06    7    5    3    2
 -0.0001527237645234994    7    5    3    3
 -6.905228760541078e-05    7    5    4    1
 -8.538488055068801e-07    7    5    4    2
 3.299387806283027e-06    7    5    4    3
 -0.000503630333527917    7    5    4    4
 0.0001938372428250288    7    5    5    1
 -1.624855113272811e-05    7    5    5    2
 1.291054106946316e-05    7    5    5    3
 -1.085237863263682e-05    7    5    5    4
 -0.002434269973284576    7    5    5    5
 8.436462413872792e-06    7    5    6    1
 -1.386390750880981e-06    7    5    6    2
 8.463412987933985e-07    7    5    6    3
 -3.032755957983963e-06    7    5    6    4
 8.242908203275173e-05    7    5    6    5
 -0.001889124690986232    7    5    6    6
 6.84851567888622e-05    7    5    7    1
 -7.879026045182592e-06    7    5    7    2
 7.223030468709403e-06    7    5    7    3
 -1.279663123136348e-06    7    5    7    4
 0.003335914342506715    7    5    7    5
 2.359361790772619e-05    7    5    7    6
 -0.002001847659568165    7    5    7    7
 0.0001299077920098986    7    5    8    1
 2.129582940891728e-06    7    5    8    2
 -9.595064928197544e-07    7    5    8    3
 2.743669011426735e-05    7    5    8    4
 1.940921599663525e-05    7    5    8    5
 5.055789999343198e-05    7    5    8    6
 -5.426749784260656e-05    7    5    8    7
 -0.001807001831009921    7    5    8    8
 0.0005388535229034929    7    6    1    1
 -2.825067283721039e-06    7    6    2    1
 0.0001685286113111288    7    6    2    2
 -8.699723489615019e-07    7    6    3    1
 6.657360590700186e-07    7    6    3    2
 0.000125960890045304    7    6    3    3
 2.326022901202059e-06    7    6    4    1
 6.550103321822474e-06    7    6    4    2
 4.843658089181881e-07    7    6    4    3
 0.0003717567798233054    7    6    4    4
 1.555806230523618e-05    7    6    5    1
 1.224498189917423e-06    7    6    5    2
 -2.43310790229469e-06    7    6    5    3
 8.253232513925215e-06    7    6    5    4
 0.002387726282490142    7    6    5    5
 -5.357958653198128e-05    7    6    6    1
 1.008789992228178e-05    7    6    6    2
 -9.875508579667429e-06    7    6    6    3
 2.125058735817321e-05    7    6    6    4
 -0.000317076173151582    7    6    6    5
 0.008187514893640863    7    6    6    6
 -5.233378121203563e-06    7    6    7    1
 5.049797774936391e-06    7    6    7    2
 -2.970930323387587e-06    7    6    7    3
 3.722720571873621e-06    7    6    7    4
 2.359361790772275e-05    7    6    7    5
 0.004733208581438511    7    6    7    6
 0.006992890762377981    7    6    7    7
 6.839369349353433e-05    7    6    8    1
 -6.638089932139081e-06    7    6    8    2
 1.12360535651555e-07    7    6    8    3
 2.860637507361328e-06    7    6    8    4
 6.216441509455929e-05    7    6    8    5
 -0.000101361807892744    7    6    8    6
 0.0001134407701839419    7    6    8    7
 0.001927059534281166    7    6    8    8
 0.1370850038411947    7    7    1    1
 -9.785099230974058e-05    7    7    2    1
 0.08515462540685839    7    7    2    2
 -7.058186974393732e-05    7    7    3    1
 0.0001685256117203495    7    7    3    2
 0.07211452757492727    7    7    3    3
 0.0004910380773571106    7    7    4    1
 0.0003338961436293358    7    7    4    2
 -2.831099014078515e-05    7    7    4    3
 0.1077052642255799    7    7    4    4
 0.0003483316506749566    7    7    5    1
 5.755330497060748e-05    7    7    5    2
 -3.016329158358246e-05    7    7    5    3
 0.0004228856835326214    7    7    5    4
 0.3109974379089039    7    7    5    5
 -8.100494284057718e-05    7    7    6    1
 5.149244123346029e-05    7    7    6    2
 -5.207918795157869e-05    7    7    6    3
 0.0001338791453783256    7    7    6    4
 0.0001184461615853167    7    7    6    5
 0.3249333126141248    7    7    6    6
 -0.001079049904968281    7    7    7    1
 0.0001812813555447449    7    7    7    2
 -7.237082073352597e-05    7    7    7    3
 -8.169165066964257e-06    7    7    7    4
 -0.002001847659568207    7    7    7    5
 0.00699289076237801    7    7    7    6
 0.6173552638566753    7    7    7    7
 0.001707996653838039    7    7    8    1
 -0.000273383997482388    7    7    8    2
 1.786180196250117e-06    7    7    8    3
 -0.0001142117969187553    7    7    8    4
 -0.002234170588961744    7    7    8    5
 0.0001505491424472513    7    7    8    6
 0.0001696928192665823    7    7    8    7
 0.2061340366380669    7    7    8    8
 0.002391953696159316    8    1    1    1
 0.0001885785347778664    8    1    2    1
 0.001708037555126847    8    1    2    2
 -6.868541278084092e-06    8    1    3    1
 6.839424965847663e-05    8    1    3    2
 0.0005034826295609007    8    1    3    3
 1.370478824856193e-05    8    1    4    1
 -0.0001299077643726095    8    1    4    2
 -2.881511155400972e-05    8    1    4    3
 0.001814612082861891    8    1    4    4
 -6.288973331007392e-05    8    1    5    1
 7.112192154876518e-06    8    1    5    2
 -2.112671056991809e-06    8    1    5    3
 4.934621531400774e-05    8    1    5    4
 0.001814539539003866    8    1    5    5
 -8.347069262635312e-07    8    1    6    1
 3.222153529068173e-07    8    1    6    2
 -1.104250619181579e-07    8    1    6    3
 2.112711524473476e-06    8    1    6    4
 2.881478885738496e-05    8    1    6    5
 0.0005034630302906786    8    1    6    6
 -6.737876094366563e-05    8    1    7    1
 -8.328335352109181e-07    8    1    7    2
 3.222120085100101e-07    8    1    7    3
 -7.112243092154756e-06    8    1    7    4
 0.0001299077920099015    8    1    7    5
 6.839369349353189e-05    8    1    7    6
 0.00170799665383803    8    1    7    7
 0.003357425893609589    8    1    8    1
 -6.737727077572266e-05    8    1    8    2
 -8.345506207460091e-07    8    1    8    3
 6.288866909946439e-05    8    1    8    4
 -1.370192202192536e-05    8    1    8    5
 -6.868026300509548e-06    8    1    8    6
 0.0001885769799999211    8    1    8    7
 0.002391776457113898    8    1    8    8
 0.0007591858217157249    8    2    1    1
 7.899234398568531e-06    8    2    2    1
 -0.00107905441897915    8    2    2    2
 2.31385301627505e-06    8    2    3    1
 -5.233230049067484e-06    8    2    3    2
 -0.0005991207729049476    8    2    3    3
 -3.505383733698065e-05    8    2    4    1
 -6.848591503759743e-05    8    2    4    2
 -6.116235671693588e-06    8    2    4    3
 0.0007744341267853109    8    2    4    4
 4.249158887618192e-06    8    2    5    1
 -3.466938396643653e-07    8    2    5    2
 9.532587733597358e-07    8    2    5    3
 -1.699377943351236e-06    8    2    5    4
 -0.0005780223792783075    8    2    5    5
 -1.98605122647595e-08    8    2    6    1
 6.801352308279054e-07    8    2    6    2
 2.26202780637342e-07    8    2    6    3
 2.808205573735911e-07    8    2    6    4
 -2.493837058017009e-06    8    2    6    5
 -0.0001203763598603518    8    2    6    6
 -4.752928593910707e-06    8    2    7    1
 -1.196737787281045e-06    8    2    7    2
 -3.015129530561894e-07    8    2    7    3
 -3.003382957401316e-07    8    2    7    4
 2.129582940891746e-06    8    2    7    5
 -6.638089932139203e-06    8    2    7    6
 -0.0002733839974823877    8    2    7    7
 -6.737727077572288e-05    8    2    8    1
 1.965671284360419e-05    8    2    8    2
 1.019832652552672e-06    8    2    8    3
 7.131220401111438e-06    8    2    8    4
 5.043536341188671e-06    8    2    8    5
 3.515579996584298e-06    8    2    8    6
 -1.179726897293202e-05    8    2    8    7
 -0.001079647350369328    8    2    8    8
 -6.547803723341838e-06    8    3    1    1
 2.390957611421389e-06    8    3    2    1
 -8.100326056351854e-05    8    3    2    2
 4.643964176591661e-06    8    3    3    1
 -5.357976483411841e-05    8    3    3    2
 -0.0006379380072584918    8    3    3    3
 -8.344357518246663e-06    8    3    4    1
 -8.436521076548463e-06    8    3    4    2
 -1.358811462387803e-05    8    3    4    3
 1.183586814521642e-05    8    3    4    4
 -6.376108053624121e-07    8    3    5    1
 3.047883580349997e-07    8    3    5    2
 1.159147605776584e-06    8    3    5    3
 3.290645407529937e-07    8    3    5    4
 2.919508208020613e-05    8    3    5    5
 -1.678030148680053e-08    8    3    6    1
 1.087069634867197e-07    8    3    6    2
 4.982869601372508e-07    8    3    6    3
 2.522791273680064e-08    8    3    6    4
 -1.46438549166023e-07    8    3    6    5
 3.877063578721211e-06    8    3    6    6
 -1.986565975263128e-08    8    3    7    1
 -1.654004374254445e-07    8    3    7    2
 -4.83755115497115e-07    8    3    7    3
 7.278717555655604e-08    8    3    7    4
 -9.595064928197785e-07    8    3    7    5
 1.123605356515105e-07    8    3    7    6
 1.786180196250074e-06    8    3    7    7
 -8.345506207460238e-07    8    3    8    1
 1.019832652552673e-06    8    3    8    2
 2.174510318076436e-06    8    3    8    3
 -2.197919509801453e-06    8    3    8    4
 -1.250674432206851e-06    8    3    8    5
 8.228475813460725e-09    8    3    8    6
 -1.653241616151464e-08    8    3    8    7
 -4.625211224695562e-05    8    3    8    8
 -0.0002616016759402071    8    4    1    1
 -2.09519299394042e-05    8    4    2    1
 -0.0003483328031631071    8    4    2    2
 -4.895985518609993e-06    8    4    3    1
 -1.555806441544656e-05    8    4    3    2
 -2.009714769775658e-05    8    4    3    3
 0.0002557601106142674    8    4    4    1
 0.0001938363186007505    8    4    4    2
 2.31714485684872e-05    8    4    4    3
 0.002275664024117557    8    4    4    4
 2.866818237029637e-05    8    4    5    1
 -1.973499455248809e-06    8    4    5    2
 3.382717234526049e-07    8    4    5    3
 7.580212865928514e-06    8    4    5    4
 -0.0007533645184835113    8    4    5    5
 6.376103926219788e-07    8    4    6    1
 1.545872821013437e-08    8    4    6    2
 -1.267805675235787e-08    8    4    6    3
 3.248611763637172e-06    8    4    6    4
 3.699808576766315e-06    8    4    6    5
 -0.0001271749991446169    8    4    6    6
 -4.249170035231695e-06    8    4    7    1
 -7.679283864859658e-08    8    4    7    2
 4.377415881311778e-08    8    4    7    3
 -8.317035484257871e-06    8    4    7    4
 2.743669011426821e-05    8    4    7    5
 2.860637507360693e-06    8    4    7    6
 -0.0001142117969187555    8    4    7    7
 6.288866909946299e-05    8    4    8    1
 7.131220401111503e-06    8    4    8    2
 -2.19791950980147e-06    8    4    8    3
 0.0001209741002695258    8    4    8    4
 -0.0001259645740767176    8    4    8    5
 -1.448544595809256e-06    8    4    8    6
 2.347370261148067e-05    8    4    8    7
 0.0002948651302152029    8    4    8    8
 -0.00222092024416123    8    5    1    1
 1.663915872268311e-05    8    5    2    1
 -0.0004910447900750728    8    5    2    2
 8.462554249237669e-06    8    5    3    1
 -2.326027076419833e-06    8    5    3    2
 -0.0003380802518914339    8    5    3    3
 6.633602459930084e-05    8    5    4    1
 -6.905203290788348e-05    8    5    4    2
 -3.691340586680535e-06    8    5    4    3
 -0.001867190425772335    8    5    4    4
 0.0002557568417688169    8    5    5    1
 -4.343762200169905e-05    8    5    5    2
 1.553835993137701e-05    8    5    5    3
 -9.360863636798362e-05    8    5    5    4
 -0.007489989564788615    8    5    5    5
 8.344319160615991e-06    8    5    6    1
 -1.239826512340229e-06    8    5    6    2
 7.657349497347411e-07    8    5    6    3
 -1.981499988006487e-06    8    5    6    4
 0.0001184523406764736    8    5    6    5
 -0.001797671362368519    8    5    6    6
 3.505389935416107e-05    8    5    7    1
 -2.462682117385626e-07    8    5    7    2
 -2.302893030118006e-07    8    5    7    3
 6.975427362099188e-06    8    5    7    4
 1.940921599664354e-05    8    5    7    5
 6.216441509455115e-05    8    5    7    6
 -0.002234170588961778    8    5    7    7
 -1.370192202191705e-05    8    5    8    1
 5.043536341188637e-06    8    5    8    2
 -1.250674432206883e-06    8    5    8    3
 -0.0001259645740767155    8    5    8    4
 0.00481034440836607    8    5    8    5
 8.552670461385131e-05    8    5    8    6
 -0.0002471493775907561    8    5    8    7
 -0.007196409018093094    8    5    8    8
 -0.0004131053928983697    8    6    1    1
 1.203581992618747e-07    8    6    2    1
 -7.058450889636704e-05    8    6    2    2
 1.202642891311833e-06    8    6    3    1
 -8.699820392409066e-07    8    6    3    2
 -3.898887481740686e-05    8    6    3    3
 -8.462576961054595e-06    8    6    4    1
 -4.026748321074351e-06    8    6    4    2
 2.510237455833898e-07    8    6    4    3
 -0.0001750743271254043    8    6    4    4
 4.895933747933682e-06    8    6    5    1
 -3.390640867934627e-07    8    6    5    2
 1.668016347642274e-07    8    6    5    3
 1.563178152656542e-06    8    6    5    4
 0.0001872219577697301    8    6    5    5
 4.643933707300317e-06    8    6    6    1
 -1.024432548573755e-06    8    6    6    2
 9.900579879908795e-07    8    6    6    3
 -2.568132941893473e-06    8    6    6    4
 1.69379767545789e-05    8    6    6    5
 -0.001481383620600209    8    6    6    6
 2.313806593647059e-06    8    6    7    1
 -2.286201973268717e-07    8    6    7    2
 2.731208872611031e-07    8    6    7    3
 -5.468151702940256e-07    8    6    7    4
 5.055789999343178e-05    8    6    7    5
 -0.0001013618078927442    8    6    7    6
 0.0001505491424472497    8    6    7    7
 -6.86802630050933e-06    8    6    8    1
 3.515579996584285e-06    8    6    8    2
 8.228475813461367e-09    8    6    8    3
 -1.448544595809246e-06    8    6    8    4
 8.552670461385165e-05    8    6    8    5
 1.961966765785218e-05    8    6    8    6
 -4.379195664034936e-06    8    6    8    7
 -0.001278412665687821    8    6    8    8
 -0.0003738806541707897    8    7    1    1
 -4.726570096669187e-06    8    7    2    1
 -9.785585524664787e-05    8    7    2    2
 1.203758052640267e-07    8    7    3    1
 -2.82508926167521e-06    8    7    3    2
 -1.940994138677505e-05    8    7    3    3
 -1.663929221017041e-05    8    7    4    1
 8.01167739882722e-06    8    7    4    2
 2.336667155175019e-06    8    7    4    3
 -1.089380176433237e-05    8    7    4    4
 2.095199005911002e-05    8    7    5    1
 6.755473823455961e-07    8    7    5    2
 -8.459105826216844e-07    8    7    5    3
 4.552249035321424e-06    8    7    5    4
 -0.000297240620857228    8    7    5    5
 2.390947376427479e-06    8    7    6    1
 -2.906847617122136e-07    8    7    6    2
 2.871233812015911e-07    8    7    6    3
 -6.331940983325266e-07    8    7    6    4
 3.102186998084795e-05    8    7    6    5
 -0.0007943433388142003    8    7    6    6
 7.898988621597031e-06    8    7    7    1
 -1.049394899200139e-06    8    7    7    2
 1.710737687673087e-07    8    7    7    3
 -2.623544751788044e-06    8    7    7    4
 -5.426749784260843e-05    8    7    7    5
 0.000113440770183942    8    7    7    6
 0.0001696928192665885    8    7    7    7
 0.000188576979999922    8    7    8    1
 -1.179726897293209e-05    8    7    8    2
 -1.653241616151771e-08    8    7    8    3
 2.347370261148047e-05    8    7    8    4
 -0.0002471493775907562    8    7    8    5
 -4.379195664034938e-06    8    7    8    6
 0.0001194613478914943    8    7    8    7
 0.0021198972412581    8    7    8    8
 0.311178841834351    8    8    1    1
 -0.0003738642719269769    8    8    2    1
 0.1370850045671526    8    8    2    2
 -0.0004130970351826618    8    8    3    1
 0.0005388466579030022    8    8    3    2
 0.107047199454531    8    8    3    3
 0.002220895726968149    8    8    4    1
 0.001708813323273014    8    8    4    2
 -0.0001014067828540146    8    8    4    3
 0.2062796050649987    8    8    4    4
 0.000261605637408393    8    8    5    1
 2.745194683290541e-05    8    8    5    2
 -9.422823830412415e-05    8    8    5    3
 -0.0002231444622098663    8    8    5    4
 0.3285334012197664    8    8    5    5
 -6.545651057157892e-06    8    8    6    1
 2.190732254080276e-05    8    8    6    2
 -1.324614990351681e-05    8    8    6    3
 4.029220434647191e-05    8    8    6    4
 0.00074770971888378    8    8    6    5
 0.1401892031277651    8    8    6    6
 0.0007591831129032466    8    8    7    1
 -7.49889088348937e-05    8    8    7    2
 3.050134791964338e-05    8    8    7    3
 2.043865815847302e-05    8    8    7    4
 -0.001807001831009947    8    8    7    5
 0.001927059534281177    8    8    7    6
 0.2061340366380669    8    8    7    7
 0.002391776457113873    8    8    8    1
 -0.001079647350369326    8    8    8    2
 -4.625211224695524e-05    8    8    8    3
 0.0002948651302152058    8    8    8    4
 -0.007196409018093076    8    8    8    5
 -0.00127841266568782    8    8    8    6
 0.002119897241258099    8    8    8    7
 0.6190018025394655    8    8    8    8
 -1.781735561876181    1    1  0  0
 0.005709252742701908    2    1  0  0
 -1.590533770798424    2    2  0  0
 -0.001624050377313053    3    1  0  0
 0.1351636426379346    3    2  0  0
 -1.356333067691885    3    3  0  0
 0.1335526691196024    4    1  0  0
 0.1163851790689554    4    2  0  0
 0.006256653590914951    4    3  0  0
 -1.731697063878631    4    4  0  0
 -0.005790342635703029    5    1  0  0
 0.0007187446228682971    5    2  0  0
 0.0003027155938500107    5    3  0  0
 0.001036824392430202    5    4  0  0
 -1.731697086119276    5    5  0  0
 -0.0009217276264125193    6    1  0  0
 -3.338521666609295e-05    6    2  0  0
 5.303361181062264e-05    6    3  0  0
 -0.0003027183653096241    6    4  0  0
 -0.006256624707386581    6    5  0  0
 -1.356333005185685    6    6  0  0
 -0.001953991701426704    7    1  0  0
 8.962546932088111e-06    7    2  0  0
 -3.338417297312214e-05    7    3  0  0
 -0.0007187362410184193    7    4  0  0
 -0.1163851154364177    7    5  0  0
 0.1351635912125332    7    6  0  0
 -1.590533750546612    7    7  0  0
 0.1139250823917419    8    1  0  0
 -0.001953981969120315    8    2  0  0
 -0.000921723163027421    8    3  0  0
 0.005790403977357554    8    4  0  0
 -0.1335526684205181    8    5  0  0
 -0.001624019790357096    8    6  0  0
 0.005709295111796851    8    7  0  0
 -1.781735487975009    8    8  0  0
 -299.9858409636626  0  0  0  0
