# No.Blocks      Mean       Error        Error_in_Error
        2001   936.10678220671014        5.2960946271670944E-002   8.3738608628141427E-004
        1000   936.10577914921737        7.4099338163753678E-002   1.6577406498651641E-003
         500   936.10577914921782       0.10259126617693744        3.2474697867445764E-003
         250   936.10577914921748       0.13975266042549564        6.2624664579184778E-003
         125   936.10577914921771       0.18958795769018219        1.2038847352179940E-002
          62   936.10411468190341       0.24641710416389284        2.2309556363115036E-002
          31   936.10411468190330       0.29817515105885078        3.8494246476793663E-002
          15   936.18357492451253       0.37431832122178721        7.0739513509145716E-002
           7   936.26173874721360       0.38895829372199964       0.11228258779196701     
           3   936.31416909335474       0.53847821364132331       0.26923910682066166     
