# No.Blocks      Mean       Error        Error_in_Error
        2257  -1.1882980079751899        1.2652638452628493E-005   1.8836341382487207E-007
        1128  -1.1882985203900718        1.6495238809269791E-005   3.4744146818298773E-007
         564  -1.1882985203900718        1.9263177878192781E-005   5.7406192068499615E-007
         282  -1.1882985203900713        2.0374026809886513E-005   8.5942644994480087E-007
         141  -1.1882985203900704        2.0308866250454210E-005   1.2136868982844293E-006
          70  -1.1883001401785711        2.0839280130018715E-005   1.7739573306989454E-006
          35  -1.1883001401785716        2.1443341066407550E-005   2.6003870642042110E-006
          17  -1.1882983612132354        2.4665646665812141E-005   4.3603115049367801E-006
           8  -1.1883037958984375        2.7255532620700327E-005   7.2843474971929648E-006
           4  -1.1883037958984375        4.0542509020314769E-005   1.6551409998659251E-005
           2  -1.1883037958984375        5.0170897688740361E-005   3.5476181973924790E-005
