# Block_length   Mean       Error        Error_in_Error
        2001  -1.1921415992754649        1.1918702372516904E-004   1.8845123125403034E-006
        1000  -1.1921470758881270        1.6454998479432763E-004   3.6812906226696205E-006
         500  -1.1921470758881290        2.2253806164245299E-004   7.0443192536308539E-006
         250  -1.1921470758881290        2.9141222876082111E-004   1.3058494217466603E-005
         125  -1.1921470758881296        3.6388004847088260E-004   2.3106406184318783E-005
          62  -1.1922254260855201        4.2131829879733541E-004   3.8144366502981500E-005
          31  -1.1922254260855198        4.8290284771171826E-004   6.2342489567454034E-005
          15  -1.1922024291420492        6.0265418112927390E-004   1.1389093498866669E-004
           7  -1.1921773629934613        6.7605278206794579E-004   1.9515962785666196E-004
           3  -1.1921386934755889        7.3013148637012372E-004   3.6506574318506186E-004
