# No.Blocks      Mean       Error        Error_in_Error
        2001  -785.23120305141413        9.8115244919661948E-002   1.5513382356569802E-003
        1000  -785.22675438501267       0.13685009818164021        3.0615924017080519E-003
         500  -785.22675438501176       0.18866333259000734        5.9720334418713180E-003
         250  -785.22675438501153       0.25506429938467085        1.1429704555503189E-002
         125  -785.22675438501130       0.33659974183430624        2.1374104980594114E-002
          62  -785.17375506362953       0.42474751576417180        3.8454833219415695E-002
          31  -785.17375506362953       0.51081408933965489        6.5945815367353028E-002
          15  -785.25555060160639       0.63479961001002527       0.11996585003195108     
           7  -785.33762492884091       0.65337446160332968       0.18861296064415461     
           3  -785.40707907366266       0.64460256188354836       0.32230128094177418     
