# No.Blocks      Mean       Error        Error_in_Error
        2257   945.80899810100095        5.0806145103417195E-002   7.5636547829858916E-004
        1128   945.80820925640774        7.1096970310921923E-002   1.4975251970469961E-003
         564   945.80820925640819        9.8544395873315482E-002   2.9367213201005543E-003
         282   945.80820925640876       0.13422804621544929        5.6620683931755764E-003
         141   945.80820925640842       0.17990134085009946        1.0751161472082856E-002
          70   945.79109781054683       0.23092897806057827        1.9657980071551104E-002
          35   945.79109781054615       0.28677412666961699        3.4776471028032038E-002
          17   945.72052866240358       0.32459876407268751        5.7381496810142402E-002
           8   945.57385436585071       0.27176333125328178        7.2631805417009671E-002
           4   945.57385436585059       0.34978712795088701       0.14279999701221416     
           2   945.57385436585059       0.59903819565091387       0.42358397033451495     
