# Block_length   Mean       Error        Error_in_Error
        2257  -1.1905957186919744        1.1369021306163796E-004   1.6925384164690457E-006
        1128  -1.1905944990248858        1.5725130350078179E-004   3.3122056851518129E-006
         564  -1.1905944990248849        2.1262496970537342E-004   6.3364362446570068E-006
         282  -1.1905944990248853        2.7844269721627365E-004   1.1745396283935197E-005
         141  -1.1905944990248851        3.4452968702968184E-004   2.0589586935145023E-005
          70  -1.1905803072667365        3.9519201685815630E-004   3.3640978525422701E-005
          35  -1.1905803072667360        4.1518610236970950E-004   5.0348710422318209E-005
          17  -1.1906196716086805        4.7813326658229579E-004   8.4522818777804144E-005
           8  -1.1906904278770440        5.2163651605841813E-004   1.3941322310864315E-004
           4  -1.1906904278770438        4.5869674058501901E-004   1.8726216018518009E-004
           2  -1.1906904278770438        9.6896299718346143E-004   6.8516030602726709E-004
