# No.Blocks      Mean       Error        Error_in_Error
        2257  -1.1889170859548075        1.2133543636780992E-005   1.8063550221355783E-007
        1128  -1.1889173435283684        1.5710359530928721E-005   3.3090944873383753E-007
         564  -1.1889173435283691        1.8085295098251357E-005   5.3895983860535989E-007
         282  -1.1889173435283682        2.0069611388665793E-005   8.4658546042371008E-007
         141  -1.1889173435283693        2.1329220483138632E-005   1.2746647268124225E-006
          70  -1.1889173017857142        2.1062142490918318E-005   1.7929286347165557E-006
          35  -1.1889173017857142        1.8223248517056114E-005   2.2098934846383163E-006
          17  -1.1889103023897059        1.2907368861261703E-005   2.2817220122685589E-006
           8  -1.1889113750000000        1.2215789363720856E-005   3.2648070362886203E-006
           4  -1.1889113750000000        1.1997876857938381E-005   4.8981127164492889E-006
           2  -1.1889113750000000        1.1288085990019443E-005   7.9818821501596102E-006
