# No.Blocks      Mean       Error        Error_in_Error
        2257  -794.39979772487015        9.0411403792300019E-002   1.3459801867237199E-003
        1128  -794.39994895914469       0.12611078936742320        2.6562887823672970E-003
         564  -794.39994895914572       0.17347488303310285        5.1697245996635581E-003
         282  -794.39994895914583       0.23357531792582942        9.8527801181803754E-003
         141  -794.39994895914572       0.30036104337551528        1.7950005608597230E-002
          70  -794.39504587627346       0.37363184604423705        3.1805654904460412E-002
          35  -794.39504587627312       0.42189843444947989        5.1162700250527479E-002
          17  -794.30951059679148       0.45952035009646347        8.1232488911606421E-002
           8  -794.13912485361379       0.47981422499187742       0.12823574565857657     
           4  -794.13912485361379       0.43280234769903675       0.17669081855687821     
           2  -794.13912485361379       0.72884951328454672       0.51537443330801758     
