# Block_length   Mean       Error        Error_in_Error
        2220 -0.68364375851389647        8.1625653967414332E-006   1.2252734550169563E-007
        1110 -0.68364375851389858        1.1376360758318305E-005   2.4155864494265260E-007
         555 -0.68364375851389669        1.5652888717989322E-005   4.7024546667989692E-007
         277 -0.68364454335968872        2.1138164711889713E-005   8.9970003796251198E-007
         138 -0.68364468194178063        2.7575546205104193E-005   1.6658996698150562E-006
          69 -0.68364468194178085        3.5172777954421689E-005   3.0160408273574729E-006
          34 -0.68364045566428755        4.3818361604272600E-005   5.3936674621414601E-006
          17 -0.68364045566428777        5.2434705307500229E-005   9.2692339231129159E-006
           8 -0.68364364820254175        5.9342643620658419E-005   1.5859988632423578E-005
           4 -0.68364364820254186        8.1593498150221448E-005   3.3310406132794277E-005
           2 -0.68364364820254186        1.2400488404197516E-004   8.7684694406332128E-005
