# No.Blocks      Mean       Error        Error_in_Error
        2220   10038.781750690159        8.6115517109097664E-002   1.2926702825677627E-003
        1110   10038.781750690199       0.12101492049020374        2.5695563662643263E-003
         555   10038.781750690172       0.16884614496608549        5.0724908141350118E-003
         277   10038.779190756864       0.23295037415347658        9.9150263670420465E-003
         138   10038.769951566841       0.31536710866431977        1.9052023785377424E-002
          69   10038.769951566846       0.41859811858903029        3.5894492540667407E-002
          34   10038.714832127067       0.54180750048749471        6.6691893058791266E-002
          17   10038.714832127069       0.61936700038310022       0.10948965150351528     
           8   10038.784842231444       0.74006552641680345       0.19779083168672701     
           4   10038.784842231446       0.77028858577816328       0.31446899830776187     
           2   10038.784842231446        1.2019596286265837       0.84991380411432160     
