# No.Blocks      Mean       Error        Error_in_Error
        2220 -0.68343984360360366        4.4099028155285753E-006   6.6196552143138228E-008
        1110 -0.68343984360360299        5.7250532829838933E-006   1.2156225902478365E-007
         555 -0.68343984360360321        6.7322393766598143E-006   2.0225053052602505E-007
         277 -0.68343942716606543        6.9226269331876243E-006   2.9464656934411863E-007
         138 -0.68343897259963804        7.3976029499080529E-006   4.4690553797239449E-007
          69 -0.68343897259963760        6.8023404116080996E-006   5.8329587812425006E-007
          34 -0.68343950032169110        7.4065883992127835E-006   9.1168800912933072E-007
          17 -0.68343950032169110        7.1656850575799738E-006   1.2667261240154789E-006
           8 -0.68343980136718752        5.0417195393956340E-006   1.3474562254730134E-006
           4 -0.68343980136718752        5.7466792111946808E-006   2.3460719638144496E-006
           2 -0.68343980136718752        6.3922850493994159E-006   4.5200281057077118E-006
