# No.Blocks      Mean       Error        Error_in_Error
        2220  -14684.229360204274       0.24202054168597140        3.6329429644144395E-003
        1110  -14684.229360204288       0.34013033927650355        7.2221183562099240E-003
         555  -14684.229360204288       0.47547396827734284        1.4284230989884822E-002
         277  -14684.208757701032       0.65986570395080335        2.8085749495592019E-002
         138  -14684.192266446600       0.89884472902557189        5.4301195927772418E-002
          69  -14684.192266446604        1.1802900505675296       0.10120903686505577     
          34  -14684.202418027666        1.5639553176205092       0.19250959187096436     
          17  -14684.202418027664        1.8356766848848391       0.32450485798702772     
           8  -14684.236251774950        2.0309448106837489       0.54279283235893239     
           4  -14684.236251774950        2.3738100914252329       0.96910391171021781     
           2  -14684.236251774950        3.0645169796039626        2.1669407373392784     
