# of blocks mean (X_5)     std.err. (X_5)  std.err.err. (X_5)  mean (X_6)     std.err. (X_6)  std.err.err. (X_6)  cov(X_5,X_6)   mean (X_5/X_6)   std.err. (X_5/X_6) 
# from 50000 to 0
2050        -59857914.9026 1.02071019e+02  1.59447044e+00       259461.823461  4.42440908e-01  6.91145203e-03       -9.25788e+04   -230.700278384056 3.263490521570e-09 
1025        -59857914.9026 1.40686849e+02  3.10876954e+00       259461.823461  6.09826609e-01  1.34753916e-02       -8.79394e+04   -230.700278384056 4.556802329912e-09 
512         -59857912.8494 1.89567710e+02  5.92978459e+00       259461.814562  8.21707594e-01  2.57034756e-02       -7.97538e+04   -230.700278384173 6.288005413702e-09 
256         -59857912.8494 2.49812407e+02  1.10618793e+01       259461.814562  1.08284680e+00  4.79492624e-02       -6.92502e+04   -230.700278384172 8.489436214182e-09 
128         -59857912.8494 3.22276988e+02  2.02214567e+01       259461.814562  1.39695477e+00  8.76527380e-02       -5.76264e+04   -230.700278384173 1.119664486044e-08 
64          -59857912.8494 4.00218245e+02  3.56542751e+01       259461.814562  1.73480340e+00  1.54548570e-01       -4.44352e+04   -230.700278384173 1.453886147939e-08 
32          -59857912.8494 4.61687000e+02  5.86343076e+01       259461.814562  2.00124754e+00  2.54158692e-01       -2.95664e+04   -230.700278384173 1.581360266909e-08 
16          -59857912.8494 5.43825907e+02  9.92885721e+01       259461.814562  2.35729370e+00  4.30380977e-01       -2.05113e+04   -230.700278384173 2.087007246213e-08 
8           -59857912.8494 4.99044430e+02  1.33375234e+02       259461.814562  2.16318866e+00  5.78136488e-01       -8.63622e+03   -230.700278384173 2.817230899641e-08 
4           -59857912.8494 3.38821564e+02  1.38323324e+02       259461.814562  1.46866371e+00  5.99579449e-01       -1.99046e+03   -230.700278384173 2.896296204107e-08 
2           -59857912.8494 3.38887630e+02  2.39629741e+02       259461.814562  1.46898021e+00  1.03872587e+00       -9.95638e+02   -230.700278384173 2.510010041591e-08 
