# of blocks mean (X_1)     std.err. (X_1)  std.err.err. (X_1)  
# from 50000 to 0
2050        -0.683530685902 4.50116372e-06  7.03135189e-08       
1025        -0.683530685902 5.82619459e-06  1.28741928e-07       
512         -0.683530597510 6.82477079e-06  2.13482668e-07       
256         -0.683530597510 7.01778431e-06  3.10752712e-07       
128         -0.683530597510 7.27456968e-06  4.56447097e-07       
64          -0.683530597510 7.55324381e-06  6.72896440e-07       
32          -0.683530597510 7.41958614e-06  9.42288382e-07       
16          -0.683530597510 6.74402106e-06  1.23128415e-06       
8           -0.683530597510 6.03818458e-06  1.61377271e-06       
4           -0.683530597510 3.99119714e-06  1.62939941e-06       
2           -0.683530597510 4.96245117e-06  3.50898287e-06       
