# of blocks mean (X_5)     std.err. (X_5)  std.err.err. (X_5)  mean (X_6)     std.err. (X_6)  std.err.err. (X_6)  cov(X_5,X_6)   mean (X_5/X_6)   std.err. (X_5/X_6) 
# from 50000 to 0
2049        -59540385.3405 1.03235608e+02  1.61305638e+00       258085.453445  4.47491695e-01  6.99205774e-03       -9.46578e+04   -230.700275996118 6.462841594904e-09 
1024        -59540382.8733 1.42781467e+02  3.15659616e+00       258085.442751  6.18909892e-01  1.36827884e-02       -9.04897e+04   -230.700275996235 8.989602745786e-09 
512         -59540382.8733 1.92259241e+02  6.01397717e+00       258085.442751  8.33380083e-01  2.60685977e-02       -8.20352e+04   -230.700275996235 1.226477557929e-08 
256         -59540382.8733 2.52644497e+02  1.11872864e+01       258085.442751  1.09513131e+00  4.84932295e-02       -7.08298e+04   -230.700275996235 1.617964594550e-08 
128         -59540382.8733 3.26487749e+02  2.04856633e+01       258085.442751  1.41521835e+00  8.87986969e-02       -5.91426e+04   -230.700275996235 2.010023992650e-08 
64          -59540382.8733 3.96691973e+02  3.53401298e+01       258085.442751  1.71953205e+00  1.53188091e-01       -4.36560e+04   -230.700275996235 2.401188032865e-08 
32          -59540382.8733 3.60541156e+02  4.57887726e+01       258085.442751  1.56283457e+00  1.98480189e-01       -1.80309e+04   -230.700275996235 2.640209959726e-08 
16          -59540382.8733 3.78065778e+02  6.90250516e+01       258085.442751  1.63879648e+00  2.99201933e-01       -9.91317e+03   -230.700275996235 2.777008340026e-08 
8           -59540382.8733 3.49220573e+02  9.33331241e+01       258085.442751  1.51376829e+00  4.04571594e-01       -4.22911e+03   -230.700275996235 3.018609297051e-08 
4           -59540382.8733 1.42777520e+02  5.82886786e+01       258085.442751  6.18886854e-01  2.52659500e-01       -3.53453e+02   -230.700275996235 2.430527600845e-08 
2           -59540382.8733 5.85097014e+01  4.13726066e+01       258085.442751  2.53604826e-01  1.79325692e-01       -2.96767e+01   -230.700275996235 1.161664596598e-08 
