# of blocks mean (X_1)     std.err. (X_1)  std.err.err. (X_1)  
# from 50000 to 0
2049        -0.683517440654 4.39379002e-06  6.86529691e-08       
1024        -0.683517208301 5.72782467e-06  1.26630086e-07       
512         -0.683517208301 6.63125974e-06  2.07429534e-07       
256         -0.683517208301 6.67592983e-06  2.95615142e-07       
128         -0.683517208301 7.26004773e-06  4.55535909e-07       
64          -0.683517208301 7.21622600e-06  6.42872508e-07       
32          -0.683517208301 6.09317870e-06  7.73834469e-07       
16          -0.683517208301 6.37042045e-06  1.16307433e-06       
8           -0.683517208301 6.35169956e-06  1.69756311e-06       
4           -0.683517208301 5.20596653e-06  2.12532694e-06       
2           -0.683517208301 8.31513672e-06  5.87968956e-06       
