# FIXED-NODE: DETERMINANTS LIST DUMP FILE [ iLut | nI ] 
 # Size of Hilbert Space:          400
 
         1        63   1   2   3   4   5   6
         2       159   1   2   3   4   5   8
         3       543   1   2   3   4   5  10
         4      2079   1   2   3   4   5  12
         5       111   1   2   3   4   6   7
         6       303   1   2   3   4   6   9
         7      1071   1   2   3   4   6  11
         8       207   1   2   3   4   7   8
         9       591   1   2   3   4   7  10
        10      2127   1   2   3   4   7  12
        11       399   1   2   3   4   8   9
        12      1167   1   2   3   4   8  11
        13       783   1   2   3   4   9  10
        14      2319   1   2   3   4   9  12
        15      1551   1   2   3   4  10  11
        16      3087   1   2   3   4  11  12
        17       183   1   2   3   5   6   8
        18       567   1   2   3   5   6  10
        19      2103   1   2   3   5   6  12
        20       663   1   2   3   5   8  10
        21      2199   1   2   3   5   8  12
        22      2583   1   2   3   5  10  12
        23       231   1   2   3   6   7   8
        24       615   1   2   3   6   7  10
        25      2151   1   2   3   6   7  12
        26       423   1   2   3   6   8   9
        27      1191   1   2   3   6   8  11
        28       807   1   2   3   6   9  10
        29      2343   1   2   3   6   9  12
        30      1575   1   2   3   6  10  11
        31      3111   1   2   3   6  11  12
        32       711   1   2   3   7   8  10
        33      2247   1   2   3   7   8  12
        34      2631   1   2   3   7  10  12
        35       903   1   2   3   8   9  10
        36      2439   1   2   3   8   9  12
        37      1671   1   2   3   8  10  11
        38      3207   1   2   3   8  11  12
        39      2823   1   2   3   9  10  12
        40      3591   1   2   3  10  11  12
        41       123   1   2   4   5   6   7
        42       315   1   2   4   5   6   9
        43      1083   1   2   4   5   6  11
        44       219   1   2   4   5   7   8
        45       603   1   2   4   5   7  10
        46      2139   1   2   4   5   7  12
        47       411   1   2   4   5   8   9
        48      1179   1   2   4   5   8  11
        49       795   1   2   4   5   9  10
        50      2331   1   2   4   5   9  12
        51      1563   1   2   4   5  10  11
        52      3099   1   2   4   5  11  12
        53       363   1   2   4   6   7   9
        54      1131   1   2   4   6   7  11
        55      1323   1   2   4   6   9  11
        56       459   1   2   4   7   8   9
        57      1227   1   2   4   7   8  11
        58       843   1   2   4   7   9  10
        59      2379   1   2   4   7   9  12
        60      1611   1   2   4   7  10  11
        61      3147   1   2   4   7  11  12
        62      1419   1   2   4   8   9  11
        63      1803   1   2   4   9  10  11
        64      3339   1   2   4   9  11  12
        65       243   1   2   5   6   7   8
        66       627   1   2   5   6   7  10
        67      2163   1   2   5   6   7  12
        68       435   1   2   5   6   8   9
        69      1203   1   2   5   6   8  11
        70       819   1   2   5   6   9  10
        71      2355   1   2   5   6   9  12
        72      1587   1   2   5   6  10  11
        73      3123   1   2   5   6  11  12
        74       723   1   2   5   7   8  10
        75      2259   1   2   5   7   8  12
        76      2643   1   2   5   7  10  12
        77       915   1   2   5   8   9  10
        78      2451   1   2   5   8   9  12
        79      1683   1   2   5   8  10  11
        80      3219   1   2   5   8  11  12
        81      2835   1   2   5   9  10  12
        82      3603   1   2   5  10  11  12
        83       483   1   2   6   7   8   9
        84      1251   1   2   6   7   8  11
        85       867   1   2   6   7   9  10
        86      2403   1   2   6   7   9  12
        87      1635   1   2   6   7  10  11
        88      3171   1   2   6   7  11  12
        89      1443   1   2   6   8   9  11
        90      1827   1   2   6   9  10  11
        91      3363   1   2   6   9  11  12
        92       963   1   2   7   8   9  10
        93      2499   1   2   7   8   9  12
        94      1731   1   2   7   8  10  11
        95      3267   1   2   7   8  11  12
        96      2883   1   2   7   9  10  12
        97      3651   1   2   7  10  11  12
        98      1923   1   2   8   9  10  11
        99      3459   1   2   8   9  11  12
       100      3843   1   2   9  10  11  12
       101       189   1   3   4   5   6   8
       102       573   1   3   4   5   6  10
       103      2109   1   3   4   5   6  12
       104       669   1   3   4   5   8  10
       105      2205   1   3   4   5   8  12
       106      2589   1   3   4   5  10  12
       107       237   1   3   4   6   7   8
       108       621   1   3   4   6   7  10
       109      2157   1   3   4   6   7  12
       110       429   1   3   4   6   8   9
       111      1197   1   3   4   6   8  11
       112       813   1   3   4   6   9  10
       113      2349   1   3   4   6   9  12
       114      1581   1   3   4   6  10  11
       115      3117   1   3   4   6  11  12
       116       717   1   3   4   7   8  10
       117      2253   1   3   4   7   8  12
       118      2637   1   3   4   7  10  12
       119       909   1   3   4   8   9  10
       120      2445   1   3   4   8   9  12
       121      1677   1   3   4   8  10  11
       122      3213   1   3   4   8  11  12
       123      2829   1   3   4   9  10  12
       124      3597   1   3   4  10  11  12
       125       693   1   3   5   6   8  10
       126      2229   1   3   5   6   8  12
       127      2613   1   3   5   6  10  12
       128      2709   1   3   5   8  10  12
       129       741   1   3   6   7   8  10
       130      2277   1   3   6   7   8  12
       131      2661   1   3   6   7  10  12
       132       933   1   3   6   8   9  10
       133      2469   1   3   6   8   9  12
       134      1701   1   3   6   8  10  11
       135      3237   1   3   6   8  11  12
       136      2853   1   3   6   9  10  12
       137      3621   1   3   6  10  11  12
       138      2757   1   3   7   8  10  12
       139      2949   1   3   8   9  10  12
       140      3717   1   3   8  10  11  12
       141       249   1   4   5   6   7   8
       142       633   1   4   5   6   7  10
       143      2169   1   4   5   6   7  12
       144       441   1   4   5   6   8   9
       145      1209   1   4   5   6   8  11
       146       825   1   4   5   6   9  10
       147      2361   1   4   5   6   9  12
       148      1593   1   4   5   6  10  11
       149      3129   1   4   5   6  11  12
       150       729   1   4   5   7   8  10
       151      2265   1   4   5   7   8  12
       152      2649   1   4   5   7  10  12
       153       921   1   4   5   8   9  10
       154      2457   1   4   5   8   9  12
       155      1689   1   4   5   8  10  11
       156      3225   1   4   5   8  11  12
       157      2841   1   4   5   9  10  12
       158      3609   1   4   5  10  11  12
       159       489   1   4   6   7   8   9
       160      1257   1   4   6   7   8  11
       161       873   1   4   6   7   9  10
       162      2409   1   4   6   7   9  12
       163      1641   1   4   6   7  10  11
       164      3177   1   4   6   7  11  12
       165      1449   1   4   6   8   9  11
       166      1833   1   4   6   9  10  11
       167      3369   1   4   6   9  11  12
       168       969   1   4   7   8   9  10
       169      2505   1   4   7   8   9  12
       170      1737   1   4   7   8  10  11
       171      3273   1   4   7   8  11  12
       172      2889   1   4   7   9  10  12
       173      3657   1   4   7  10  11  12
       174      1929   1   4   8   9  10  11
       175      3465   1   4   8   9  11  12
       176      3849   1   4   9  10  11  12
       177       753   1   5   6   7   8  10
       178      2289   1   5   6   7   8  12
       179      2673   1   5   6   7  10  12
       180       945   1   5   6   8   9  10
       181      2481   1   5   6   8   9  12
       182      1713   1   5   6   8  10  11
       183      3249   1   5   6   8  11  12
       184      2865   1   5   6   9  10  12
       185      3633   1   5   6  10  11  12
       186      2769   1   5   7   8  10  12
       187      2961   1   5   8   9  10  12
       188      3729   1   5   8  10  11  12
       189       993   1   6   7   8   9  10
       190      2529   1   6   7   8   9  12
       191      1761   1   6   7   8  10  11
       192      3297   1   6   7   8  11  12
       193      2913   1   6   7   9  10  12
       194      3681   1   6   7  10  11  12
       195      1953   1   6   8   9  10  11
       196      3489   1   6   8   9  11  12
       197      3873   1   6   9  10  11  12
       198      3009   1   7   8   9  10  12
       199      3777   1   7   8  10  11  12
       200      3969   1   8   9  10  11  12
       201       126   2   3   4   5   6   7
       202       318   2   3   4   5   6   9
       203      1086   2   3   4   5   6  11
       204       222   2   3   4   5   7   8
       205       606   2   3   4   5   7  10
       206      2142   2   3   4   5   7  12
       207       414   2   3   4   5   8   9
       208      1182   2   3   4   5   8  11
       209       798   2   3   4   5   9  10
       210      2334   2   3   4   5   9  12
       211      1566   2   3   4   5  10  11
       212      3102   2   3   4   5  11  12
       213       366   2   3   4   6   7   9
       214      1134   2   3   4   6   7  11
       215      1326   2   3   4   6   9  11
       216       462   2   3   4   7   8   9
       217      1230   2   3   4   7   8  11
       218       846   2   3   4   7   9  10
       219      2382   2   3   4   7   9  12
       220      1614   2   3   4   7  10  11
       221      3150   2   3   4   7  11  12
       222      1422   2   3   4   8   9  11
       223      1806   2   3   4   9  10  11
       224      3342   2   3   4   9  11  12
       225       246   2   3   5   6   7   8
       226       630   2   3   5   6   7  10
       227      2166   2   3   5   6   7  12
       228       438   2   3   5   6   8   9
       229      1206   2   3   5   6   8  11
       230       822   2   3   5   6   9  10
       231      2358   2   3   5   6   9  12
       232      1590   2   3   5   6  10  11
       233      3126   2   3   5   6  11  12
       234       726   2   3   5   7   8  10
       235      2262   2   3   5   7   8  12
       236      2646   2   3   5   7  10  12
       237       918   2   3   5   8   9  10
       238      2454   2   3   5   8   9  12
       239      1686   2   3   5   8  10  11
       240      3222   2   3   5   8  11  12
       241      2838   2   3   5   9  10  12
       242      3606   2   3   5  10  11  12
       243       486   2   3   6   7   8   9
       244      1254   2   3   6   7   8  11
       245       870   2   3   6   7   9  10
       246      2406   2   3   6   7   9  12
       247      1638   2   3   6   7  10  11
       248      3174   2   3   6   7  11  12
       249      1446   2   3   6   8   9  11
       250      1830   2   3   6   9  10  11
       251      3366   2   3   6   9  11  12
       252       966   2   3   7   8   9  10
       253      2502   2   3   7   8   9  12
       254      1734   2   3   7   8  10  11
       255      3270   2   3   7   8  11  12
       256      2886   2   3   7   9  10  12
       257      3654   2   3   7  10  11  12
       258      1926   2   3   8   9  10  11
       259      3462   2   3   8   9  11  12
       260      3846   2   3   9  10  11  12
       261       378   2   4   5   6   7   9
       262      1146   2   4   5   6   7  11
       263      1338   2   4   5   6   9  11
       264       474   2   4   5   7   8   9
       265      1242   2   4   5   7   8  11
       266       858   2   4   5   7   9  10
       267      2394   2   4   5   7   9  12
       268      1626   2   4   5   7  10  11
       269      3162   2   4   5   7  11  12
       270      1434   2   4   5   8   9  11
       271      1818   2   4   5   9  10  11
       272      3354   2   4   5   9  11  12
       273      1386   2   4   6   7   9  11
       274      1482   2   4   7   8   9  11
       275      1866   2   4   7   9  10  11
       276      3402   2   4   7   9  11  12
       277       498   2   5   6   7   8   9
       278      1266   2   5   6   7   8  11
       279       882   2   5   6   7   9  10
       280      2418   2   5   6   7   9  12
       281      1650   2   5   6   7  10  11
       282      3186   2   5   6   7  11  12
       283      1458   2   5   6   8   9  11
       284      1842   2   5   6   9  10  11
       285      3378   2   5   6   9  11  12
       286       978   2   5   7   8   9  10
       287      2514   2   5   7   8   9  12
       288      1746   2   5   7   8  10  11
       289      3282   2   5   7   8  11  12
       290      2898   2   5   7   9  10  12
       291      3666   2   5   7  10  11  12
       292      1938   2   5   8   9  10  11
       293      3474   2   5   8   9  11  12
       294      3858   2   5   9  10  11  12
       295      1506   2   6   7   8   9  11
       296      1890   2   6   7   9  10  11
       297      3426   2   6   7   9  11  12
       298      1986   2   7   8   9  10  11
       299      3522   2   7   8   9  11  12
       300      3906   2   7   9  10  11  12
       301       252   3   4   5   6   7   8
       302       636   3   4   5   6   7  10
       303      2172   3   4   5   6   7  12
       304       444   3   4   5   6   8   9
       305      1212   3   4   5   6   8  11
       306       828   3   4   5   6   9  10
       307      2364   3   4   5   6   9  12
       308      1596   3   4   5   6  10  11
       309      3132   3   4   5   6  11  12
       310       732   3   4   5   7   8  10
       311      2268   3   4   5   7   8  12
       312      2652   3   4   5   7  10  12
       313       924   3   4   5   8   9  10
       314      2460   3   4   5   8   9  12
       315      1692   3   4   5   8  10  11
       316      3228   3   4   5   8  11  12
       317      2844   3   4   5   9  10  12
       318      3612   3   4   5  10  11  12
       319       492   3   4   6   7   8   9
       320      1260   3   4   6   7   8  11
       321       876   3   4   6   7   9  10
       322      2412   3   4   6   7   9  12
       323      1644   3   4   6   7  10  11
       324      3180   3   4   6   7  11  12
       325      1452   3   4   6   8   9  11
       326      1836   3   4   6   9  10  11
       327      3372   3   4   6   9  11  12
       328       972   3   4   7   8   9  10
       329      2508   3   4   7   8   9  12
       330      1740   3   4   7   8  10  11
       331      3276   3   4   7   8  11  12
       332      2892   3   4   7   9  10  12
       333      3660   3   4   7  10  11  12
       334      1932   3   4   8   9  10  11
       335      3468   3   4   8   9  11  12
       336      3852   3   4   9  10  11  12
       337       756   3   5   6   7   8  10
       338      2292   3   5   6   7   8  12
       339      2676   3   5   6   7  10  12
       340       948   3   5   6   8   9  10
       341      2484   3   5   6   8   9  12
       342      1716   3   5   6   8  10  11
       343      3252   3   5   6   8  11  12
       344      2868   3   5   6   9  10  12
       345      3636   3   5   6  10  11  12
       346      2772   3   5   7   8  10  12
       347      2964   3   5   8   9  10  12
       348      3732   3   5   8  10  11  12
       349       996   3   6   7   8   9  10
       350      2532   3   6   7   8   9  12
       351      1764   3   6   7   8  10  11
       352      3300   3   6   7   8  11  12
       353      2916   3   6   7   9  10  12
       354      3684   3   6   7  10  11  12
       355      1956   3   6   8   9  10  11
       356      3492   3   6   8   9  11  12
       357      3876   3   6   9  10  11  12
       358      3012   3   7   8   9  10  12
       359      3780   3   7   8  10  11  12
       360      3972   3   8   9  10  11  12
       361       504   4   5   6   7   8   9
       362      1272   4   5   6   7   8  11
       363       888   4   5   6   7   9  10
       364      2424   4   5   6   7   9  12
       365      1656   4   5   6   7  10  11
       366      3192   4   5   6   7  11  12
       367      1464   4   5   6   8   9  11
       368      1848   4   5   6   9  10  11
       369      3384   4   5   6   9  11  12
       370       984   4   5   7   8   9  10
       371      2520   4   5   7   8   9  12
       372      1752   4   5   7   8  10  11
       373      3288   4   5   7   8  11  12
       374      2904   4   5   7   9  10  12
       375      3672   4   5   7  10  11  12
       376      1944   4   5   8   9  10  11
       377      3480   4   5   8   9  11  12
       378      3864   4   5   9  10  11  12
       379      1512   4   6   7   8   9  11
       380      1896   4   6   7   9  10  11
       381      3432   4   6   7   9  11  12
       382      1992   4   7   8   9  10  11
       383      3528   4   7   8   9  11  12
       384      3912   4   7   9  10  11  12
       385      1008   5   6   7   8   9  10
       386      2544   5   6   7   8   9  12
       387      1776   5   6   7   8  10  11
       388      3312   5   6   7   8  11  12
       389      2928   5   6   7   9  10  12
       390      3696   5   6   7  10  11  12
       391      1968   5   6   8   9  10  11
       392      3504   5   6   8   9  11  12
       393      3888   5   6   9  10  11  12
       394      3024   5   7   8   9  10  12
       395      3792   5   7   8  10  11  12
       396      3984   5   8   9  10  11  12
       397      2016   6   7   8   9  10  11
       398      3552   6   7   8   9  11  12
       399      3936   6   7   9  10  11  12
       400      4032   7   8   9  10  11  12
