# FIXED-NODE: TRIAL WAVE FUNCTION DUMP FILE [ nI | twfn amp. ]
 # Size of Hilbert Space:          400
 # Type of Trial Wave Function |  Slater =           1  |  Jastrow = T  |  Backflow = T
 
         1   1   2   3   4   5   6   1.16475220333E-02
         2   1   2   3   4   5   8  -1.40487718418E-01
         3   1   2   3   4   5  10   5.40682615788E-02
         4   1   2   3   4   5  12   5.44368185810E-02
         5   1   2   3   4   6   7   1.40487718418E-01
         6   1   2   3   4   6   9  -5.40682615788E-02
         7   1   2   3   4   6  11  -5.44368185810E-02
         8   1   2   3   4   7   8   3.50158016897E-01
         9   1   2   3   4   7  10  -2.80141644337E-01
        10   1   2   3   4   7  12  -2.79966347603E-01
        11   1   2   3   4   8   9   2.80141644337E-01
        12   1   2   3   4   8  11   2.79966347603E-01
        13   1   2   3   4   9  10   1.03843186329E-01
        14   1   2   3   4   9  12   1.74777044566E-01
        15   1   2   3   4  10  11  -1.74777044566E-01
        16   1   2   3   4  11  12   1.03877760650E-01
        17   1   2   3   5   6   8  -5.79622760952E-02
        18   1   2   3   5   6  10   1.17123782899E-02
        19   1   2   3   5   6  12   4.10966592054E-02
        20   1   2   3   5   8  10   5.11262154899E-02
        21   1   2   3   5   8  12  -1.52252488898E-01
        22   1   2   3   5  10  12   9.89548603825E-02
        23   1   2   3   6   7   8  -2.80006899761E-01
        24   1   2   3   6   7  10   1.21915023847E-01
        25   1   2   3   6   7  12   4.24184179012E-01
        26   1   2   3   6   8   9  -1.71631907415E-01
        27   1   2   3   6   8  11  -2.71339186829E-01
        28   1   2   3   6   9  10  -4.10332846427E-02
        29   1   2   3   6   9  12  -2.01760017630E-01
        30   1   2   3   6  10  11   1.04433597787E-01
        31   1   2   3   6  11  12  -1.63249787394E-01
        32   1   2   3   7   8  10  -1.40254106774E-01
        33   1   2   3   7   8  12   2.80006900802E-01
        34   1   2   3   7  10  12  -4.24108837528E-01
        35   1   2   3   8   9  10  -5.83242456292E-02
        36   1   2   3   8   9  12   2.71681917421E-01
        37   1   2   3   8  10  11   1.52223800395E-01
        38   1   2   3   8  11  12   1.69705044474E-01
        39   1   2   3   9  10  12   1.70583018579E-01
        40   1   2   3  10  11  12  -2.02971532687E-01
        41   1   2   4   5   6   7   5.79622760952E-02
        42   1   2   4   5   6   9  -1.17123782899E-02
        43   1   2   4   5   6  11  -4.10966592054E-02
        44   1   2   4   5   7   8   2.80006899761E-01
        45   1   2   4   5   7  10  -1.71631907415E-01
        46   1   2   4   5   7  12  -2.71339186829E-01
        47   1   2   4   5   8   9   1.21915023847E-01
        48   1   2   4   5   8  11   4.24184179012E-01
        49   1   2   4   5   9  10   4.10332846427E-02
        50   1   2   4   5   9  12   1.04433597787E-01
        51   1   2   4   5  10  11  -2.01760017630E-01
        52   1   2   4   5  11  12   1.63249787394E-01
        53   1   2   4   6   7   9   5.11262154899E-02
        54   1   2   4   6   7  11  -1.52252488898E-01
        55   1   2   4   6   9  11   9.89548603825E-02
        56   1   2   4   7   8   9   1.40254106774E-01
        57   1   2   4   7   8  11  -2.80006900802E-01
        58   1   2   4   7   9  10   5.83242456292E-02
        59   1   2   4   7   9  12   1.52223800395E-01
        60   1   2   4   7  10  11   2.71681917421E-01
        61   1   2   4   7  11  12  -1.69705044474E-01
        62   1   2   4   8   9  11  -4.24108837528E-01
        63   1   2   4   9  10  11  -1.70583018579E-01
        64   1   2   4   9  11  12   2.02971532687E-01
        65   1   2   5   6   7   8   1.03770505213E-01
        66   1   2   5   6   7  10  -4.10966568188E-02
        67   1   2   5   6   7  12  -1.70065857810E-01
        68   1   2   5   6   8   9   4.10966568188E-02
        69   1   2   5   6   8  11   1.70065857810E-01
        70   1   2   5   6   9  10   1.16475211223E-02
        71   1   2   5   6   9  12   5.79622734686E-02
        72   1   2   5   6  10  11  -5.79622734686E-02
        73   1   2   5   6  11  12   1.03770506845E-01
        74   1   2   5   7   8  10   5.42576982939E-02
        75   1   2   5   7   8  12  -1.74477130829E-01
        76   1   2   5   7  10  12   2.02078892083E-01
        77   1   2   5   8   9  10   1.18289401223E-02
        78   1   2   5   8   9  12  -1.04997218639E-01
        79   1   2   5   8  10  11  -9.89536175953E-02
        80   1   2   5   8  11  12  -2.02990609782E-01
        81   1   2   5   9  10  12  -5.82034626531E-02
        82   1   2   5  10  11  12   1.69705043254E-01
        83   1   2   6   7   8   9  -5.42576982939E-02
        84   1   2   6   7   8  11   1.74477130829E-01
        85   1   2   6   7   9  10  -1.18289401223E-02
        86   1   2   6   7   9  12  -9.89536175953E-02
        87   1   2   6   7  10  11  -1.04997218639E-01
        88   1   2   6   7  11  12   2.02990609782E-01
        89   1   2   6   8   9  11   2.02078892083E-01
        90   1   2   6   9  10  11   5.82034626531E-02
        91   1   2   6   9  11  12  -1.69705043254E-01
        92   1   2   7   8   9  10   1.15677903691E-02
        93   1   2   7   8   9  12  -5.42576985200E-02
        94   1   2   7   8  10  11   5.42576985200E-02
        95   1   2   7   8  11  12   1.03770506185E-01
        96   1   2   7   9  10  12  -4.09913348126E-02
        97   1   2   7  10  11  12  -1.63249785404E-01
        98   1   2   8   9  10  11   4.09913348126E-02
        99   1   2   8   9  11  12   1.63249785404E-01
       100   1   2   9  10  11  12   1.03877758354E-01
       101   1   3   4   5   6   8  -5.82034659498E-02
       102   1   3   4   5   6  10   4.10332867133E-02
       103   1   3   4   5   6  12   1.18289406015E-02
       104   1   3   4   5   8  10  -1.51814365140E-01
       105   1   3   4   5   8  12   5.17703218850E-02
       106   1   3   4   5  10  12  -9.93355658936E-02
       107   1   3   4   6   7   8  -2.79966345755E-01
       108   1   3   4   6   7  10   4.24239750565E-01
       109   1   3   4   6   7  12   1.21427964062E-01
       110   1   3   4   6   8   9  -2.71776832140E-01
       111   1   3   4   6   8  11  -1.71690686069E-01
       112   1   3   4   6   9  10  -1.63018244780E-01
       113   1   3   4   6   9  12  -1.05152837463E-01
       114   1   3   4   6  10  11   2.02579036906E-01
       115   1   3   4   6  11  12  -4.09913348879E-02
       116   1   3   4   7   8  10   2.80141643269E-01
       117   1   3   4   7   8  12  -1.40487716574E-01
       118   1   3   4   7  10  12   4.24239749932E-01
       119   1   3   4   8   9  10   1.69987750984E-01
       120   1   3   4   8   9  12  -1.51814363725E-01
       121   1   3   4   8  10  11  -2.71776832898E-01
       122   1   3   4   8  11  12  -5.82034654626E-02
       123   1   3   4   9  10  12  -2.02966637762E-01
       124   1   3   4  10  11  12   1.70583019826E-01
       125   1   3   5   6   8  10  -1.04433603568E-01
       126   1   3   5   6   8  12   1.04997225676E-01
       127   1   3   5   6  10  12  -1.21915029827E-01
       128   1   3   5   8  10  12   1.19321867120E-01
       129   1   3   6   7   8  10  -4.24108834230E-01
       130   1   3   6   7   8  12   4.24184175418E-01
       131   1   3   6   7  10  12  -1.00000000000E+00
       132   1   3   6   8   9  10  -2.02579034456E-01
       133   1   3   6   8   9  12   4.39816929667E-01
       134   1   3   6   8  10  11   4.39844844226E-01
       135   1   3   6   8  11  12   2.02078895102E-01
       136   1   3   6   9  10  12   4.24239743372E-01
       137   1   3   6  10  11  12  -4.24108833846E-01
       138   1   3   7   8  10  12  -1.21915024914E-01
       139   1   3   8   9  10  12  -9.93355609265E-02
       140   1   3   8  10  11  12   9.89548561235E-02
       141   1   4   5   6   7   8  -1.69705042522E-01
       142   1   4   5   6   7  10   2.01760017232E-01
       143   1   4   5   6   7  12   9.89536144232E-02
       144   1   4   5   6   8   9  -9.89548546305E-02
       145   1   4   5   6   8  11  -2.02078895428E-01
       146   1   4   5   6   9  10  -5.40682591637E-02
       147   1   4   5   6   9  12  -5.11262107295E-02
       148   1   4   5   6  10  11   1.71631908607E-01
       149   1   4   5   6  11  12  -5.42576981493E-02
       150   1   4   5   7   8  10   2.71681915309E-01
       151   1   4   5   7   8  12  -1.52252486281E-01
       152   1   4   5   7  10  12   4.39816929315E-01
       153   1   4   5   8   9  10   9.93355598856E-02
       154   1   4   5   8   9  12  -1.19321865158E-01
       155   1   4   5   8  10  11  -4.39816931390E-01
       156   1   4   5   8  11  12  -1.04997224767E-01
       157   1   4   5   9  10  12  -1.51814358163E-01
       158   1   4   5  10  11  12   2.71681918154E-01
       159   1   4   6   7   8   9   1.52223799286E-01
       160   1   4   6   7   8  11  -2.71339185898E-01
       161   1   4   6   7   9  10   1.05152841341E-01
       162   1   4   6   7   9  12   1.19878262655E-01
       163   1   4   6   7  10  11   4.39816931502E-01
       164   1   4   6   7  11  12  -9.89536149434E-02
       165   1   4   6   8   9  11  -4.39844844374E-01
       166   1   4   6   9  10  11  -2.71776831787E-01
       167   1   4   6   9  11  12   1.52223795955E-01
       168   1   4   7   8   9  10   5.83242454291E-02
       169   1   4   7   8   9  12  -5.11262147063E-02
       170   1   4   7   8  10  11   1.71631907677E-01
       171   1   4   7   8  11  12   5.79622754638E-02
       172   1   4   7   9  10  12  -1.05152841327E-01
       173   1   4   7  10  11  12  -2.01760017928E-01
       174   1   4   8   9  10  11   2.02579035475E-01
       175   1   4   8   9  11  12   1.04433602716E-01
       176   1   4   9  10  11  12   1.74777044496E-01
       177   1   5   6   7   8  10   1.63249783305E-01
       178   1   5   6   7   8  12  -2.02990607083E-01
       179   1   5   6   7  10  12   4.24184168565E-01
       180   1   5   6   8   9  10   5.44368151903E-02
       181   1   5   6   8   9  12  -1.52252480736E-01
       182   1   5   6   8  10  11  -2.71339184633E-01
       183   1   5   6   8  11  12  -1.74477133334E-01
       184   1   5   6   9  10  12  -1.40487710327E-01
       185   1   5   6  10  11  12   2.80006897658E-01
       186   1   5   7   8  10  12   1.04997218874E-01
       187   1   5   8   9  10  12   5.17703168030E-02
       188   1   5   8  10  11  12  -1.52252482663E-01
       189   1   6   7   8   9  10  -4.09913344638E-02
       190   1   6   7   8   9  12   9.89536166750E-02
       191   1   6   7   8  10  11  -2.02078891361E-01
       192   1   6   7   8  11  12  -1.70065857092E-01
       193   1   6   7   9  10  12   1.21427964814E-01
       194   1   6   7  10  11  12   4.24184170512E-01
       195   1   6   8   9  10  11  -1.71690681888E-01
       196   1   6   8   9  11  12  -2.71339184553E-01
       197   1   6   9  10  11  12  -2.79966340323E-01
       198   1   7   8   9  10  12   1.18289402273E-02
       199   1   7   8  10  11  12   4.10966574099E-02
       200   1   8   9  10  11  12   5.44368160029E-02
       201   2   3   4   5   6   7   5.82034659498E-02
       202   2   3   4   5   6   9  -4.10332867133E-02
       203   2   3   4   5   6  11  -1.18289406015E-02
       204   2   3   4   5   7   8   2.79966345755E-01
       205   2   3   4   5   7  10  -2.71776832140E-01
       206   2   3   4   5   7  12  -1.71690686069E-01
       207   2   3   4   5   8   9   4.24239750565E-01
       208   2   3   4   5   8  11   1.21427964062E-01
       209   2   3   4   5   9  10   1.63018244780E-01
       210   2   3   4   5   9  12   2.02579036906E-01
       211   2   3   4   5  10  11  -1.05152837463E-01
       212   2   3   4   5  11  12   4.09913348879E-02
       213   2   3   4   6   7   9  -1.51814365140E-01
       214   2   3   4   6   7  11   5.17703218850E-02
       215   2   3   4   6   9  11  -9.93355658936E-02
       216   2   3   4   7   8   9  -2.80141643269E-01
       217   2   3   4   7   8  11   1.40487716574E-01
       218   2   3   4   7   9  10  -1.69987750984E-01
       219   2   3   4   7   9  12  -2.71776832898E-01
       220   2   3   4   7  10  11  -1.51814363725E-01
       221   2   3   4   7  11  12   5.82034654626E-02
       222   2   3   4   8   9  11   4.24239749932E-01
       223   2   3   4   9  10  11   2.02966637762E-01
       224   2   3   4   9  11  12  -1.70583019826E-01
       225   2   3   5   6   7   8   1.69705042522E-01
       226   2   3   5   6   7  10  -9.89548546305E-02
       227   2   3   5   6   7  12  -2.02078895428E-01
       228   2   3   5   6   8   9   2.01760017232E-01
       229   2   3   5   6   8  11   9.89536144232E-02
       230   2   3   5   6   9  10   5.40682591637E-02
       231   2   3   5   6   9  12   1.71631908607E-01
       232   2   3   5   6  10  11  -5.11262107295E-02
       233   2   3   5   6  11  12   5.42576981493E-02
       234   2   3   5   7   8  10   1.52223799286E-01
       235   2   3   5   7   8  12  -2.71339185898E-01
       236   2   3   5   7  10  12   4.39844844374E-01
       237   2   3   5   8   9  10   1.05152841341E-01
       238   2   3   5   8   9  12  -4.39816931502E-01
       239   2   3   5   8  10  11  -1.19878262655E-01
       240   2   3   5   8  11  12  -9.89536149434E-02
       241   2   3   5   9  10  12  -2.71776831787E-01
       242   2   3   5  10  11  12   1.52223795955E-01
       243   2   3   6   7   8   9   2.71681915309E-01
       244   2   3   6   7   8  11  -1.52252486281E-01
       245   2   3   6   7   9  10   9.93355598856E-02
       246   2   3   6   7   9  12   4.39816931390E-01
       247   2   3   6   7  10  11   1.19321865158E-01
       248   2   3   6   7  11  12  -1.04997224767E-01
       249   2   3   6   8   9  11  -4.39816929315E-01
       250   2   3   6   9  10  11  -1.51814358163E-01
       251   2   3   6   9  11  12   2.71681918154E-01
       252   2   3   7   8   9  10  -5.83242454291E-02
       253   2   3   7   8   9  12   1.71631907677E-01
       254   2   3   7   8  10  11  -5.11262147063E-02
       255   2   3   7   8  11  12  -5.79622754638E-02
       256   2   3   7   9  10  12   2.02579035475E-01
       257   2   3   7  10  11  12   1.04433602716E-01
       258   2   3   8   9  10  11  -1.05152841327E-01
       259   2   3   8   9  11  12  -2.01760017928E-01
       260   2   3   9  10  11  12  -1.74777044496E-01
       261   2   4   5   6   7   9  -1.04433603568E-01
       262   2   4   5   6   7  11   1.04997225676E-01
       263   2   4   5   6   9  11  -1.21915029827E-01
       264   2   4   5   7   8   9  -4.24108834230E-01
       265   2   4   5   7   8  11   4.24184175418E-01
       266   2   4   5   7   9  10  -2.02579034456E-01
       267   2   4   5   7   9  12  -4.39844844226E-01
       268   2   4   5   7  10  11  -4.39816929667E-01
       269   2   4   5   7  11  12   2.02078895102E-01
       270   2   4   5   8   9  11   1.00000000000E+00
       271   2   4   5   9  10  11   4.24239743372E-01
       272   2   4   5   9  11  12  -4.24108833846E-01
       273   2   4   6   7   9  11  -1.19321867120E-01
       274   2   4   7   8   9  11  -1.21915024914E-01
       275   2   4   7   9  10  11  -9.93355609265E-02
       276   2   4   7   9  11  12   9.89548561235E-02
       277   2   5   6   7   8   9  -1.63249783305E-01
       278   2   5   6   7   8  11   2.02990607083E-01
       279   2   5   6   7   9  10  -5.44368151903E-02
       280   2   5   6   7   9  12  -2.71339184633E-01
       281   2   5   6   7  10  11  -1.52252480736E-01
       282   2   5   6   7  11  12   1.74477133334E-01
       283   2   5   6   8   9  11   4.24184168565E-01
       284   2   5   6   9  10  11   1.40487710327E-01
       285   2   5   6   9  11  12  -2.80006897658E-01
       286   2   5   7   8   9  10   4.09913344638E-02
       287   2   5   7   8   9  12  -2.02078891361E-01
       288   2   5   7   8  10  11   9.89536166750E-02
       289   2   5   7   8  11  12   1.70065857092E-01
       290   2   5   7   9  10  12  -1.71690681888E-01
       291   2   5   7  10  11  12  -2.71339184553E-01
       292   2   5   8   9  10  11   1.21427964814E-01
       293   2   5   8   9  11  12   4.24184170512E-01
       294   2   5   9  10  11  12   2.79966340323E-01
       295   2   6   7   8   9  11   1.04997218874E-01
       296   2   6   7   9  10  11   5.17703168030E-02
       297   2   6   7   9  11  12  -1.52252482663E-01
       298   2   7   8   9  10  11  -1.18289402273E-02
       299   2   7   8   9  11  12  -4.10966574099E-02
       300   2   7   9  10  11  12  -5.44368160029E-02
       301   3   4   5   6   7   8   1.03877759133E-01
       302   3   4   5   6   7  10  -1.70583018904E-01
       303   3   4   5   6   7  12  -4.09913345712E-02
       304   3   4   5   6   8   9   1.70583018904E-01
       305   3   4   5   6   8  11   4.09913345712E-02
       306   3   4   5   6   9  10   1.03843186372E-01
       307   3   4   5   6   9  12   5.83242444015E-02
       308   3   4   5   6  10  11  -5.83242444015E-02
       309   3   4   5   6  11  12   1.15677903114E-02
       310   3   4   5   7   8  10  -1.74777042526E-01
       311   3   4   5   7   8  12   5.44368172445E-02
       312   3   4   5   7  10  12  -2.02579034857E-01
       313   3   4   5   8   9  10  -2.02966637361E-01
       314   3   4   5   8   9  12   9.93355643078E-02
       315   3   4   5   8  10  11   1.05152836959E-01
       316   3   4   5   8  11  12   1.18289403549E-02
       317   3   4   5   9  10  12   1.69987751361E-01
       318   3   4   5  10  11  12  -5.83242442453E-02
       319   3   4   6   7   8   9   1.74777042526E-01
       320   3   4   6   7   8  11  -5.44368172445E-02
       321   3   4   6   7   9  10   2.02966637361E-01
       322   3   4   6   7   9  12   1.05152836959E-01
       323   3   4   6   7  10  11   9.93355643078E-02
       324   3   4   6   7  11  12  -1.18289403549E-02
       325   3   4   6   8   9  11  -2.02579034857E-01
       326   3   4   6   9  10  11  -1.69987751361E-01
       327   3   4   6   9  11  12   5.83242442453E-02
       328   3   4   7   8   9  10   1.03843185593E-01
       329   3   4   7   8   9  12  -5.40682604237E-02
       330   3   4   7   8  10  11   5.40682604237E-02
       331   3   4   7   8  11  12   1.16475216015E-02
       332   3   4   7   9  10  12  -1.63018243904E-01
       333   3   4   7  10  11  12  -4.10332857384E-02
       334   3   4   8   9  10  11   1.63018243904E-01
       335   3   4   8   9  11  12   4.10332857384E-02
       336   3   4   9  10  11  12   1.03843185820E-01
       337   3   5   6   7   8  10  -2.02971529592E-01
       338   3   5   6   7   8  12   1.63249784694E-01
       339   3   5   6   7  10  12  -4.24108830751E-01
       340   3   5   6   8   9  10  -1.74777043430E-01
       341   3   5   6   8   9  12   2.71681916380E-01
       342   3   5   6   8  10  11   1.52223794762E-01
       343   3   5   6   8  11  12   5.42576976689E-02
       344   3   5   6   9  10  12   2.80141640275E-01
       345   3   5   6  10  11  12  -1.40254102538E-01
       346   3   5   7   8  10  12  -1.04433597596E-01
       347   3   5   8   9  10  12  -1.51814358989E-01
       348   3   5   8  10  11  12   5.11262111088E-02
       349   3   6   7   8   9  10  -1.70583016659E-01
       350   3   6   7   8   9  12   2.01760014870E-01
       351   3   6   7   8  10  11  -9.89548578150E-02
       352   3   6   7   8  11  12  -4.10966579189E-02
       353   3   6   7   9  10  12   4.24239741870E-01
       354   3   6   7  10  11  12   1.21915027186E-01
       355   3   6   8   9  10  11  -2.71776829498E-01
       356   3   6   8   9  11  12  -1.71631906424E-01
       357   3   6   9  10  11  12  -2.80141639541E-01
       358   3   7   8   9  10  12   4.10332848773E-02
       359   3   7   8  10  11  12   1.17123781487E-02
       360   3   8   9  10  11  12   5.40682594447E-02
       361   4   5   6   7   8   9   2.02971529592E-01
       362   4   5   6   7   8  11  -1.63249784694E-01
       363   4   5   6   7   9  10   1.74777043430E-01
       364   4   5   6   7   9  12   1.52223794762E-01
       365   4   5   6   7  10  11   2.71681916380E-01
       366   4   5   6   7  11  12  -5.42576976689E-02
       367   4   5   6   8   9  11  -4.24108830751E-01
       368   4   5   6   9  10  11  -2.80141640275E-01
       369   4   5   6   9  11  12   1.40254102538E-01
       370   4   5   7   8   9  10   1.70583016659E-01
       371   4   5   7   8   9  12  -9.89548578150E-02
       372   4   5   7   8  10  11   2.01760014870E-01
       373   4   5   7   8  11  12   4.10966579189E-02
       374   4   5   7   9  10  12  -2.71776829498E-01
       375   4   5   7  10  11  12  -1.71631906424E-01
       376   4   5   8   9  10  11   4.24239741870E-01
       377   4   5   8   9  11  12   1.21915027186E-01
       378   4   5   9  10  11  12   2.80141639541E-01
       379   4   6   7   8   9  11  -1.04433597596E-01
       380   4   6   7   9  10  11  -1.51814358989E-01
       381   4   6   7   9  11  12   5.11262111088E-02
       382   4   7   8   9  10  11  -4.10332848773E-02
       383   4   7   8   9  11  12  -1.17123781487E-02
       384   4   7   9  10  11  12  -5.40682594447E-02
       385   5   6   7   8   9  10   1.03877756714E-01
       386   5   6   7   8   9  12  -1.69705040336E-01
       387   5   6   7   8  10  11   1.69705040336E-01
       388   5   6   7   8  11  12   1.03770504846E-01
       389   5   6   7   9  10  12  -2.79966338312E-01
       390   5   6   7  10  11  12  -2.80006895183E-01
       391   5   6   8   9  10  11   2.79966338312E-01
       392   5   6   8   9  11  12   2.80006895183E-01
       393   5   6   9  10  11  12   3.50158006449E-01
       394   5   7   8   9  10  12  -5.82034625331E-02
       395   5   7   8  10  11  12  -5.79622732506E-02
       396   5   8   9  10  11  12  -1.40487710953E-01
       397   6   7   8   9  10  11   5.82034625331E-02
       398   6   7   8   9  11  12   5.79622732506E-02
       399   6   7   9  10  11  12   1.40487710953E-01
       400   7   8   9  10  11  12   1.16475212990E-02
