# No.Blocks      Mean       Error        Error_in_Error
        1964 -0.68352493238289169        4.5449004466724209E-006   7.2535269180797228E-008
         982 -0.68352493238289269        5.8287239020571377E-006   1.3159033192786976E-007
         491 -0.68352493238289169        6.7915090740893668E-006   2.1694679942100685E-007
         245 -0.68352495642857125        7.1415780573802245E-006   3.2328404867289942E-007
         122 -0.68352492797131137        7.2534676416353407E-006   4.6627055968341310E-007
          61 -0.68352492797131192        6.6458583203144345E-006   6.0668108600326822E-007
          30 -0.68352501843749991        6.7531248884569593E-006   8.8672873975949504E-007
          15 -0.68352501843750013        6.6386821136676706E-006   1.2545929932840918E-006
           7 -0.68352314860491070        8.9284019267419241E-006   2.5774076279188117E-006
           3 -0.68352260891927086        1.1138346143051921E-005   5.5691730715259603E-006
