# No.Blocks      Mean       Error        Error_in_Error
        2220  -14724.646979662371       0.21469133089382136        3.2227072737631627E-003
        1110  -14724.646979662406       0.30123194334830572        6.3961737496284390E-003
         555  -14724.646979662384       0.42017422530386817        1.2622911222629726E-002
         277  -14724.654284177437       0.58029491325353211        2.4698991733657538E-002
         138  -14724.648044304842       0.78403218202837344        4.7365116304520734E-002
          69  -14724.648044304846        1.0174356326228655        8.7244385734197419E-002
          34  -14724.643561275139        1.2506174116835640       0.15394036184884385     
          17  -14724.643561275139        1.4425209719274128       0.25500409031342069     
           8  -14724.618631525098        1.6138982191575979       0.43133244237230967     
           4  -14724.618631525098       0.87458885051275470       0.35704940308058719     
           2  -14724.618631525098       0.52267270959160739       0.36958541729337258     
