# Block_length   Mean       Error        Error_in_Error
        2220 -0.68345476096584412        7.4437522152536082E-006   1.1173732217465537E-007
        1110 -0.68345476096584201        1.0347434119180942E-005   2.1971104974278306E-007
         555 -0.68345476096584212        1.4202778999785721E-005   4.2668114232678157E-007
         277 -0.68345445978372366        1.9072742924094493E-005   8.1178984868090747E-007
         138 -0.68345417210478232        2.4591840456791916E-005   1.4856474135598868E-006
          69 -0.68345417210478177        3.0412874685424960E-005   2.6078824893334019E-006
          34 -0.68345256882640071        3.3870703456673852E-005   4.1691953890008232E-006
          17 -0.68345256882640104        3.7963542575903540E-005   6.7110695983214008E-006
           8 -0.68344989580055582        4.1312401553009492E-005   1.1041203745442087E-005
           4 -0.68344989580055571        2.8468588635202192E-005   1.1622252642240255E-005
           2 -0.68344989580055571        2.1744610321782998E-005   1.5375761412791752E-005
