# No.Blocks      Mean       Error        Error_in_Error
        2220   10063.630081791585        8.2911107640491907E-002   1.2445692546427059E-003
        1110   10063.630081791578       0.11641832382100831        2.4719550606845187E-003
         555   10063.630081791563       0.16236519469741151        4.8777895332066390E-003
         277   10063.630639294583       0.22433967566196916        9.5485307007775379E-003
         138   10063.622138654668       0.30671355773964276        1.8529243655441910E-002
          69   10063.622138654662       0.41047803380584941        3.5198201014891038E-002
          34   10063.595467006615       0.53912141726481466        6.6361259070017012E-002
          17   10063.595467006620       0.65052392213883481       0.11499746916710993     
           8   10063.539069418752       0.79701102722756267       0.21301015695473549     
           4   10063.539069418750       0.45091988850695680       0.18408727361912083     
           2   10063.539069418750       0.26113916980937929       0.18465327780563742     
