# No.Blocks      Mean       Error        Error_in_Error
        1964  -14756.985561097552       0.21387240223024762        3.4133403906510002E-003
         982  -14756.985561097570       0.29988508988291801        6.7702603830634154E-003
         491  -14756.985561097546       0.41706743787725920        1.3322730604217459E-002
         245  -14756.994198887904       0.57413618506064534        2.5989923922235505E-002
         122  -14757.019793741296       0.77460567941053249        4.9793538968800038E-002
          61  -14757.019793741289        1.0376920248581871        9.4727888293006782E-002
          30  -14756.964288789375        1.2699501585005217       0.16675262522234277     
          15  -14756.964288789375        1.5689603865082731       0.29650564282947645     
           7  -14756.917720590458        1.7701562206530226       0.51100008525085661     
           3  -14755.774888122134        1.6723773089601113       0.83618865448005564     
