# Block_length   Mean       Error        Error_in_Error
        1964 -0.68359654105281542        7.9941969253669586E-006   1.2758502252570638E-007
         982 -0.68359654105281409        1.1119584283186493E-005   2.5103775908960367E-007
         491 -0.68359654105281598        1.5243427145006236E-005   4.8693341866142118E-007
         245 -0.68359602633103067        2.0531162721465649E-005   9.2940206705411877E-007
         122 -0.68359470196554661        2.6504809544854352E-005   1.7037936875658584E-006
          61 -0.68359470196554684        3.3902299098253240E-005   3.0948423279000584E-006
          30 -0.68359401181925283        4.0123901417292794E-005   5.2685263675198826E-006
          15 -0.68359401181925294        4.8121784706259134E-005   9.0941624983823611E-006
           7 -0.68360311674841001        5.2173748704057841E-005   1.5061263929459842E-005
           3 -0.68363259661353426        6.1532738107469194E-005   3.0766369053734597E-005
