# No.Blocks      Mean       Error        Error_in_Error
        1964   10087.824285932627        8.0181656747082525E-002   1.2796755668807087E-003
         982   10087.824285932620       0.11239044162399317        2.5373470707029818E-003
         491   10087.824285932631       0.15634867461598531        4.9943752090476998E-003
         245   10087.822594949843       0.21539398526610040        9.7504275745688221E-003
         122   10087.820547802254       0.29285958889980740        1.8825727386050761E-002
          61   10087.820547802252       0.39109344246080718        3.5701783421355472E-002
          30   10087.772420446976       0.51888739498434211        6.8133252891267856E-002
          15   10087.772420446978       0.60904475085745169       0.11509863914843640     
           7   10087.874947395479       0.66649830007308741       0.19240148648081251     
           3   10087.528701811718       0.81973691571654539       0.40986845785827269     
