# No.Blocks      Mean       Error        Error_in_Error
        2220 -0.68353722504504510        4.1123159829047499E-006   6.1729509873288748E-008
        1110 -0.68353722504504588        5.3078781724533232E-006   1.1270421939819375E-007
         555 -0.68353722504504499        6.0690408613097021E-006   1.8232666209694645E-007
         277 -0.68353690072202133        6.2013987453058759E-006   2.6394905908903683E-007
         138 -0.68353748632246392        6.1703534209256353E-006   3.7276468252366134E-007
          69 -0.68353748632246369        5.9234026656310825E-006   5.0792758819254801E-007
          34 -0.68353845712316164        6.1380087555480558E-006   7.5553664936460879E-007
          17 -0.68353845712316197        6.2212027757434623E-006   1.0997636674661934E-006
           8 -0.68353972915039063        6.0540558430369080E-006   1.6180144832172135E-006
           4 -0.68353972915039063        5.1662183112606327E-006   2.1090997937352587E-006
           2 -0.68353972915039063        7.6627723907098157E-007   5.4183983201599634E-007
