# Block_length   Mean       Error        Error_in_Error
        1964 -0.68388514181977911        8.5742661180859191E-006   1.3684275556761789E-007
         982 -0.68388514181977966        1.1945823811465178E-005   2.6969109309633991E-007
         491 -0.68388514181978033        1.6411532364478434E-005   5.2424717117016617E-007
         245 -0.68388481200032869        2.2071201143546852E-005   9.9911633079275110E-007
         122 -0.68388345387479987        2.8202667926540755E-005   1.8129361580372105E-006
          61 -0.68388345387480010        3.5166930207249791E-005   3.2102868254534226E-006
          30 -0.68388245878040799        4.0245397347901047E-005   5.2844795647750249E-006
          15 -0.68388245878040776        4.4272330614508778E-005   8.3666840548015429E-006
           7 -0.68388471580474952        6.6049193042236117E-005   1.9066759691346292E-005
           3 -0.68388790701512159        1.0266625316119811E-004   5.1333126580599055E-005
