# No.Blocks      Mean       Error        Error_in_Error
        2220 -0.68350899144144017        4.2989807182206881E-006   6.4531513092297440E-008
        1110 -0.68350899144144084        5.5927626576968595E-006   1.1875328128033350E-007
         555 -0.68350899144144162        6.7076221135189551E-006   2.0151097653042609E-007
         277 -0.68350894232851989        6.8778886794119417E-006   2.9274238280905403E-007
         138 -0.68350905905797110        6.9700881591234384E-006   4.2107842493855312E-007
          69 -0.68350905905797088        6.9067758756796054E-006   5.9225114528773238E-007
          34 -0.68350791957720580        8.4704888647834173E-006   1.0426451036900263E-006
          17 -0.68350791957720602        7.7449446252974667E-006   1.3691257161155358E-006
           8 -0.68350670346679698        4.7474153196697700E-006   1.2688001142090120E-006
           4 -0.68350670346679687        3.5460492966416068E-006   1.4476685632545200E-006
           2 -0.68350670346679687        2.6080576606238069E-006   1.8441752575526172E-006
