# No.Blocks      Mean       Error        Error_in_Error
        1964   10032.466214260487        7.8900385784851326E-002   1.2592268606374237E-003
         982   10032.466214260483       0.11052878546155495        2.4953179822666005E-003
         491   10032.466214260483       0.15330590785749681        4.8971775903097429E-003
         245   10032.468879049227       0.20994171445475110        9.5036148718031441E-003
         122   10032.466905201947       0.28047331631657102        1.8029507628120629E-002
          61   10032.466905201949       0.35701913563960402        3.2591239008467950E-002
          30   10032.365358403384       0.43163832481674508        5.6676888717233052E-002
          15   10032.365358403384       0.49387701588015331        9.3333983019255939E-002
           7   10032.367089312889       0.51541513454611909       0.14878753333730452     
           3   10032.609517730663       0.56091782658932754       0.28045891329466377     
