# No.Blocks      Mean       Error        Error_in_Error
        1964  -14669.811640540502       0.22078322946892284        3.5236351528577957E-003
         982  -14669.811640540483       0.30964398341076393        6.9905789399476691E-003
         491  -14669.811640540469       0.43071500770288357        1.3758686230757045E-002
         245  -14669.822611946536       0.59347788471046659        2.6865481525998946E-002
         122  -14669.848858543395       0.79422604155760279        5.1054783616393602E-002
          61  -14669.848858543392        1.0183290585058651        9.2960299384443390E-002
          30  -14669.721718399474        1.2533184107849038       0.16456876975758214     
          15  -14669.721718399478        1.3478900268466836       0.25472727183574995     
           7  -14669.675834921205        1.8778410727979453       0.54208602443761467     
           3  -14669.961867755077        2.5932204788837780        1.2966102394418890     
