# No.Blocks      Mean       Error        Error_in_Error
        2220  -14644.590080726275       0.24949542848209227        3.7451476442593315E-003
        1110  -14644.590080726251       0.35089796697208919        7.4507515378265327E-003
         555  -14644.590080726244       0.49082012211135612        1.4745261500063013E-002
         277  -14644.596317358079       0.68090277672725164        2.8981146775041950E-002
         138  -14644.640317514313       0.94037018104681058        5.6809840227927670E-002
          69  -14644.640317514311        1.2572408987456023       0.10780751765908350     
          34  -14644.642672581938        1.6225381143420867       0.19972063566516249     
          17  -14644.642672581938        1.8222416484083248       0.32212985663751975     
           8  -14644.825256658349        1.7387813945253936       0.46470887491507384     
           4  -14644.825256658351        1.0489276683075068       0.42822292740678564     
           2  -14644.825256658351        1.2571643469976563       0.88894943482800060     
