# No.Blocks      Mean       Error        Error_in_Error
        2220 -0.68349345936936912        4.2947028029857782E-006   6.4467297790791372E-008
        1110 -0.68349345936936934        5.6014891759462077E-006   1.1893857479977807E-007
         555 -0.68349345936936912        6.6499473578093487E-006   1.9977830642058601E-007
         277 -0.68349434918772556        6.7152634973366921E-006   2.8582059539368470E-007
         138 -0.68349439809782619        6.9239784040757367E-006   4.1829283276431719E-007
          69 -0.68349439809782597        6.9570770547264788E-006   5.9656443580650177E-007
          34 -0.68349524227941183        7.8901846468794555E-006   9.7121459228663204E-007
          17 -0.68349524227941172        7.1793065084786671E-006   1.2691340790904952E-006
           8 -0.68349439199218753        8.7513069538108541E-006   2.3388851648323244E-006
           4 -0.68349439199218753        5.8291688389297456E-006   2.3797482133182901E-006
           2 -0.68349439199218742        9.0348659703357144E-006   6.3886149947359599E-006
