# No.Blocks      Mean       Error        Error_in_Error
        2220   10015.176867709555        8.5399145404333882E-002   1.2819169079715518E-003
        1110   10015.176867709557       0.11985729096690863        2.5449759732077588E-003
         555   10015.176867709535       0.16723111614117059        5.0239719753981862E-003
         277   10015.176349802572       0.23134472243596799        9.8466852915093869E-003
         138   10015.164905393522       0.31654174685561948        1.9122986273680781E-002
          69   10015.164905393527       0.43052266178465343        3.6917013683927462E-002
          34   10015.116305970683       0.54642653371987338        6.7260456746247838E-002
          17   10015.116305970678       0.67793985446779015       0.11984396708269889     
           8   10015.251204946142       0.69577161964618894       0.18595278715405944     
           4   10015.251204946142       0.57136373799859141       0.23325826927096749     
           2   10015.251204946144       0.92840215950241689       0.65647946265239365     
