# Block_length   Mean       Error        Error_in_Error
        2220 -0.68388236287272497        8.6239717351014563E-006   1.2945346383447862E-007
        1110 -0.68388236287272619        1.2037931364857518E-005   2.5560602816515198E-007
         555 -0.68388236287272508        1.6589781515814855E-005   4.9839168293940249E-007
         277 -0.68388203626560151        2.2448448971224770E-005   9.5546943960797992E-007
         138 -0.68387920005217517        2.9780131198418309E-005   1.7990835199235781E-006
          69 -0.68387920005217562        3.8405857355851186E-005   3.2932750988567467E-006
          34 -0.68387577149432477        4.9770104177525350E-005   6.1262763294083115E-006
          17 -0.68387577149432444        5.5027280839706796E-005   9.7275408580033121E-006
           8 -0.68387645666121244        5.5097598375638221E-005   1.4725452568265048E-005
           4 -0.68387645666121233        5.0349899168601645E-005   2.0555260260609500E-005
           2 -0.68387645666121244        6.1185335174132838E-005   4.3264565410801117E-005
