TERM-2
  1 -1.1557259341600448
  2 -1.1557259341600448
  3 -1.1557259341600448
  4 -1.1557259341600448
  5 -1.1557259341600448
  6 -1.1557259341600448
TERM-02
  1 2 0.42416878615723637E-001
  1 3 0.36274041895270565
  1 4 0.61936495014138929E-002
  1 5 0.36274041895270565
  1 6 -0.12512974648111030
  2 1 0.42416878615723637E-001
  2 3 0.36274041895270565
  2 4 0.42416878615723637E-001
  2 5 0.82738652299977247E-001
  2 6 0.36274041895270565
  3 1 0.36274041895270565
  3 2 0.36274041895270565
  3 4 -0.12512974648111030
  3 5 0.42416878615723637E-001
  3 6 0.61936495014138929E-002
  4 1 0.61936495014138929E-002
  4 2 0.42416878615723637E-001
  4 3 -0.12512974648111030
  4 5 0.36274041895270565
  4 6 0.36274041895270565
  5 1 0.36274041895270565
  5 2 0.82738652299977247E-001
  5 3 0.42416878615723637E-001
  5 4 0.36274041895270565
  5 6 0.42416878615723637E-001
  6 1 -0.12512974648111030
  6 2 0.36274041895270565
  6 3 0.61936495014138929E-002
  6 4 0.36274041895270565
  6 5 0.42416878615723637E-001
TERM-uu
  1 2 -0.27956697133604862E-001
  1 3 -0.20865337032805689
  1 5 -0.20865337032805689
  1 6 0.56682763841374197E-001
  2 1 -0.27956697133604862E-001
  2 3 -0.20865337032805689
  2 4 -0.27956697133604862E-001
  2 5 0.44217942216866875E-001
  2 6 -0.20865337032805689
  3 1 -0.20865337032805689
  3 2 -0.20865337032805689
  3 4 0.56682763841374197E-001
  3 5 -0.27956697133604862E-001
  4 2 -0.27956697133604862E-001
  4 3 0.56682763841374197E-001
  4 5 -0.20865337032805689
  4 6 -0.20865337032805689
  5 1 -0.20865337032805689
  5 2 0.44217942216866875E-001
  5 3 -0.27956697133604862E-001
  5 4 -0.20865337032805689
  5 6 -0.27956697133604862E-001
  6 1 0.56682763841374197E-001
  6 2 -0.20865337032805689
  6 4 -0.20865337032805689
  6 5 -0.27956697133604862E-001
TERM-ud
  1 2 -0.30032270819443149E-001
  1 3 -0.12387856691081160
  1 5 -0.12387856691081160
  1 6 0.56575411987286633E-001
  2 1 -0.30032270819443149E-001
  2 3 -0.12387856691081160
  2 4 -0.30032270819443149E-001
  2 5 -0.79406597769201226E-001
  2 6 -0.12387856691081160
  3 1 -0.12387856691081160
  3 2 -0.12387856691081160
  3 4 0.56575411987286633E-001
  3 5 -0.30032270819443149E-001
  4 2 -0.30032270819443149E-001
  4 3 0.56575411987286633E-001
  4 5 -0.12387856691081160
  4 6 -0.12387856691081160
  5 1 -0.12387856691081160
  5 2 -0.79406597769201226E-001
  5 3 -0.30032270819443149E-001
  5 4 -0.12387856691081160
  5 6 -0.30032270819443149E-001
  6 1 0.56575411987286633E-001
  6 2 -0.12387856691081160
  6 4 -0.12387856691081160
  6 5 -0.30032270819443149E-001
TERM-du
  1 2 -0.30032270819443149E-001
  1 3 -0.12387856691081160
  1 5 -0.12387856691081160
  1 6 0.56575411987286633E-001
  2 1 -0.30032270819443149E-001
  2 3 -0.12387856691081160
  2 4 -0.30032270819443149E-001
  2 5 -0.79406597769201226E-001
  2 6 -0.12387856691081160
  3 1 -0.12387856691081160
  3 2 -0.12387856691081160
  3 4 0.56575411987286633E-001
  3 5 -0.30032270819443149E-001
  4 2 -0.30032270819443149E-001
  4 3 0.56575411987286633E-001
  4 5 -0.12387856691081160
  4 6 -0.12387856691081160
  5 1 -0.12387856691081160
  5 2 -0.79406597769201226E-001
  5 3 -0.30032270819443149E-001
  5 4 -0.12387856691081160
  5 6 -0.30032270819443149E-001
  6 1 0.56575411987286633E-001
  6 2 -0.12387856691081160
  6 4 -0.12387856691081160
  6 5 -0.30032270819443149E-001
TERM-dd
  1 2 -0.27956697133604862E-001
  1 3 -0.20865337032805689
  1 5 -0.20865337032805689
  1 6 0.56682763841374197E-001
  2 1 -0.27956697133604862E-001
  2 3 -0.20865337032805689
  2 4 -0.27956697133604862E-001
  2 5 0.44217942216866875E-001
  2 6 -0.20865337032805689
  3 1 -0.20865337032805689
  3 2 -0.20865337032805689
  3 4 0.56682763841374197E-001
  3 5 -0.27956697133604862E-001
  4 2 -0.27956697133604862E-001
  4 3 0.56682763841374197E-001
  4 5 -0.20865337032805689
  4 6 -0.20865337032805689
  5 1 -0.20865337032805689
  5 2 0.44217942216866875E-001
  5 3 -0.27956697133604862E-001
  5 4 -0.20865337032805689
  5 6 -0.27956697133604862E-001
  6 1 0.56682763841374197E-001
  6 2 -0.20865337032805689
  6 4 -0.20865337032805689
  6 5 -0.27956697133604862E-001
TERM-20
  1 2 0.42416878615723637E-001
  1 3 0.36274041895270565
  1 4 0.61936495014138929E-002
  1 5 0.36274041895270565
  1 6 -0.12512974648111030
  2 1 0.42416878615723637E-001
  2 3 0.36274041895270565
  2 4 0.42416878615723637E-001
  2 5 0.82738652299977247E-001
  2 6 0.36274041895270565
  3 1 0.36274041895270565
  3 2 0.36274041895270565
  3 4 -0.12512974648111030
  3 5 0.42416878615723637E-001
  3 6 0.61936495014138929E-002
  4 1 0.61936495014138929E-002
  4 2 0.42416878615723637E-001
  4 3 -0.12512974648111030
  4 5 0.36274041895270565
  4 6 0.36274041895270565
  5 1 0.36274041895270565
  5 2 0.82738652299977247E-001
  5 3 0.42416878615723637E-001
  5 4 0.36274041895270565
  5 6 0.42416878615723637E-001
  6 1 -0.12512974648111030
  6 2 0.36274041895270565
  6 3 0.61936495014138929E-002
  6 4 0.36274041895270565
  6 5 0.42416878615723637E-001
