# No.Blocks      Mean       Error        Error_in_Error
        2219  -10603.328623772912        8.6716104741246705E-002   1.3019790392828667E-003
        1109  -10603.326626576514       0.12184033944746744        2.5882499973999139E-003
         554  -10603.322726303695       0.17019968995091159        5.1177751491093531E-003
         277  -10603.322726303699       0.23552322115384008        1.0024534007627171E-002
         138  -10603.310058190262       0.32152939411878168        1.9424301064222188E-002
          69  -10603.310058190265       0.42309660872214455        3.6280234887220729E-002
          34  -10603.251388339429       0.56155640633481729        6.9122815324748663E-002
          17  -10603.251388339431       0.73448888823732472       0.12984051839469513     
           8  -10603.246797103222       0.96491237935912499       0.25788368084419211     
           4  -10603.246797103222       0.93669307820855419       0.38240334786797581     
           2  -10603.246797103222        1.3874342043175962       0.98106413432313411     
