# Block_length   Mean       Error        Error_in_Error
        2219 -0.68478213762465900        8.3552461066625443E-006   1.2544792378975596E-007
        1109 -0.68478239535794905        1.1662361834452160E-005   2.4774313765526105E-007
         554 -0.68478280564350091        1.6102517554441926E-005   4.8419044830215701E-007
         277 -0.68478280564350058        2.1771645697638900E-005   9.2666277927403626E-007
         138 -0.68478213857784120        2.8627908705865175E-005   1.7294752135052468E-006
          69 -0.68478213857784165        3.6733201751975758E-005   3.1498460641090844E-006
          34 -0.68478063299191472        4.5865359003187172E-005   5.6456354240046709E-006
          17 -0.68478063299191494        5.1675623020073597E-005   9.1350458648834242E-006
           8 -0.68477913040572913        5.8464574812128330E-005   1.5625314872171265E-005
           4 -0.68477913040572902        7.3341866125547342E-005   2.9941691465184210E-005
           2 -0.68477913040572902        1.0708404331498423E-004   7.5719853184899328E-005
