# No.Blocks      Mean       Error        Error_in_Error
        2219   15484.236578590167       0.25095053820972230        3.7678392222615779E-003
        1109   15484.227834207026       0.35277338930389585        7.4939525619283406E-003
         554   15484.212861243777       0.49278597552328074        1.4817699257208010E-002
         277   15484.212861243790       0.68173821437479876        2.9016705362717762E-002
         138   15484.209445373775       0.93221539811895537        5.6317191774624763E-002
          69   15484.209445373770        1.2381621199030497       0.10617152587021120     
          34   15484.157812717556        1.6284899522990184       0.20045325627334859     
          17   15484.157812717553        1.9580540718228190       0.34613832802896161     
           8   15484.185084350975        2.1868726028896943       0.58446628775255582     
           4   15484.185084350978        2.2190347197663205       0.90591713082455771     
           2   15484.185084350978        2.6816584875810032        1.8962189013949884     
