# No.Blocks      Mean       Error        Error_in_Error
        2219 -0.68321938260477655        4.2380317485081438E-006   6.3630954375056846E-008
        1109 -0.68321941875563541        5.5230078982540819E-006   1.1732506034636597E-007
         554 -0.68321917220216566        6.5519222697986310E-006   1.9701131641862893E-007
         277 -0.68321917220216533        6.9683768139299165E-006   2.9659381358228412E-007
         138 -0.68321878722826079        6.6322644655403462E-006   4.0066974924415814E-007
          69 -0.68321878722826068        6.6856649318940909E-006   5.7329103827836211E-007
          34 -0.68321903097426473        6.4593151322157185E-006   7.9508673032979848E-007
          17 -0.68321903097426484        7.3422923810822352E-006   1.2979461830293927E-006
           8 -0.68322006005859370        3.8146199221344935E-006   1.0195000578135405E-006
           4 -0.68322006005859381        3.8656281735872915E-006   1.5781360934359570E-006
           2 -0.68322006005859381        4.0150394079044669E-006   2.8390615920604689E-006
