# No.Blocks      Mean       Error        Error_in_Error
        2220   10044.677410219507        6.8214453157980942E-002   1.0239594372663530E-003
        1110   10044.677410219514        9.5394268500051935E-002   2.0255432052221998E-003
         555   10044.677410219496       0.13230655477351028        3.9747652152394945E-003
         277   10044.683005524592       0.18150889575685181        7.7255316451914514E-003
         138   10044.692660335462       0.24532675902653406        1.4820731521301764E-002
          69   10044.692660335462       0.32563637941908369        2.7923089170651016E-002
          34   10044.690680331709       0.41404506700832255        5.0965424630692147E-002
          17   10044.690680331711       0.49159827879298784        8.6903119138539153E-002
           8   10044.742352792920       0.49970732928687495       0.13355240141795099     
           4   10044.742352792920       0.24674477466747061       0.10073313243888597     
           2   10044.742352792920       0.30842396482327217       0.21808867700697693     
