# No.Blocks      Mean       Error        Error_in_Error
        2220  -14695.934890168837       0.21026365247795595        3.1562438940948394E-003
        1110  -14695.934890168832       0.29519961613180462        6.2680870249521648E-003
         555  -14695.934890168841       0.41110921565703462        1.2350579401415540E-002
         277  -14695.957817901141       0.56616163723595048        2.4097439558108419E-002
         138  -14696.006449706334       0.76223469308932168        4.6048281839800601E-002
          69  -14696.006449706343       0.99199596800378986        8.5062952489861704E-002
          34  -14696.109431316727        1.2653803833252082       0.15575755803949945     
          17  -14696.109431316729        1.3951438025770309       0.24662891088315109     
           8  -14696.015214002440        1.7251768024027996       0.46107289472867741     
           4  -14696.015214002440        1.4501704713165309       0.59202961579614832     
           2  -14696.015214002440        2.0641611400446118        1.4595823395872998     
