# Block_length   Mean       Error        Error_in_Error
        2220 -0.68350040234181431        8.0830285553786041E-006   1.2133342697631789E-007
        1110 -0.68350040234181508        1.1276904759904715E-005   2.3944685746345908E-007
         555 -0.68350040234181342        1.5537383783045630E-005   4.6677545721295397E-007
         277 -0.68349971672408905        2.1010413452235109E-005   8.9426258325783012E-007
         138 -0.68349811186536202        2.7643438461976073E-005   1.6700011910492913E-006
          69 -0.68349811186536169        3.4468671338567931E-005   2.9556641831532729E-006
          34 -0.68349318758656896        4.2608747193544812E-005   5.2447742208148900E-006
          17 -0.68349318758656896        4.8052325851078718E-005   8.4945313652708488E-006
           8 -0.68350108560191458        6.0095516352278744E-005   1.6061202333678425E-005
           4 -0.68350108560191458        6.5700294592507368E-005   2.6822032950363319E-005
           2 -0.68350108560191458        8.7419447929565155E-005   6.1814884438579802E-005
