# No.Blocks      Mean       Error        Error_in_Error
        1964 -0.68353165794297355        4.6415183855720289E-006   7.4077262957780394E-008
         982 -0.68353165794297244        6.0043326493462921E-006   1.3555490697611688E-007
         491 -0.68353165794297344        6.8192199439398905E-006   2.1783199068816999E-007
         245 -0.68353131091836705        6.9668466159032498E-006   3.1537432796729815E-007
         122 -0.68353160153688541        6.4322495440655249E-006   4.1348066099025556E-007
          61 -0.68353160153688508        7.0543116142534004E-006   6.4396759979954488E-007
          30 -0.68353220614583310        8.0258374211755404E-006   1.0538440824866348E-006
          15 -0.68353220614583321        6.4518108399007160E-006   1.2192776420291470E-006
           7 -0.68352984330357136        5.2462524624071321E-006   1.5144626357037475E-006
           3 -0.68353017376302072        4.9855727770471001E-006   2.4927863885235501E-006
