# No.Blocks      Mean       Error        Error_in_Error
        2001   938.94167345690585        4.8511098260440692E-002   7.6702781149612365E-004
        1000   938.94179531952636        6.7750089929427298E-002   1.5156961032476606E-003
         500   938.94179531952568        9.3270435338630553E-002   2.9524240419873757E-003
         250   938.94179531952545       0.12669633385619672        5.6773984745618787E-003
         125   938.94179531952602       0.16733365977848716        1.0625698021637269E-002
          62   938.93710450956667       0.20991721062239663        1.9005011270863174E-002
          31   938.93710450956712       0.25952096947763131        3.3504013092615643E-002
          15   938.94446787807760       0.28255481077729555        5.3397840075831211E-002
           7   938.79192882703740       0.29438832427892087        8.4982589134358910E-002
           3   938.56449937756315        8.0714708981628802E-002   4.0357354490814401E-002
