# Block_length   Mean       Error        Error_in_Error
        2001  -1.1913788706120818        1.1053905605021951E-004   1.7477759376185476E-006
        1000  -1.1913728337492391        1.5225812187759019E-004   3.4062986817886521E-006
         500  -1.1913728337492366        2.0497549897556720E-004   6.4883860464107144E-006
         250  -1.1913728337492364        2.6627281261360126E-004   1.1931970043155449E-005
         125  -1.1913728337492382        3.3244478213098719E-004   2.1110264775593018E-005
          62  -1.1913031026315852        3.6751765102175374E-004   3.3273484719048446E-005
          31  -1.1913031026315859        4.1462283465469677E-004   5.3527577785831730E-005
          15  -1.1912228964255267        4.8608470515805967E-004   9.1861374711455800E-005
           7  -1.1913228108540073        4.8364157414884889E-004   1.3961529651306613E-004
           3  -1.1911756115133141        5.5507217864531543E-004   2.7753608932265772E-004
