# No.Blocks      Mean       Error        Error_in_Error
        2257  -1.1885694040762096        1.2724341136073470E-005   1.8943087199058725E-007
        1128  -1.1885695811170216        1.6621204125111601E-005   3.5009469283661429E-007
         564  -1.1885695811170225        1.9190845591503313E-005   5.7190634637181392E-007
         282  -1.1885695811170207        2.0917983468011039E-005   8.8237187668729181E-007
         141  -1.1885695811170220        2.1810012604722651E-005   1.3033975517554126E-006
          70  -1.1885651763392853        2.4668211419522522E-005   2.0998976073006089E-006
          35  -1.1885651763392857        2.8177264274842947E-005   3.4169952013564847E-006
          17  -1.1885569572610295        2.7753833033594559E-005   4.9062308854934804E-006
           8  -1.1885617578125001        3.7497253651151891E-005   1.0021562579112044E-005
           4  -1.1885617578125001        2.0402649429098462E-005   8.3293467503629583E-006
           2  -1.1885617578125001        2.3270507671376043E-005   1.6454733776083574E-005
