# No.Blocks      Mean       Error        Error_in_Error
        2001  -788.11341766915507        8.1634046526899026E-002   1.2907476082057944E-003
        1000  -788.11751344428876       0.11331138185494374        2.5349873352204671E-003
         500  -788.11751344428978       0.15464433110723716        4.8951807661281460E-003
         250  -788.11751344428978       0.20633448148362632        9.2460692016098217E-003
         125  -788.11751344428910       0.26877740048547732        1.7067381998218341E-002
          62  -788.15970716055153       0.32367989518412305        2.9304600789458780E-002
          31  -788.15970716055142       0.38110868640591877        4.9200919851503613E-002
          15  -788.21895607912279       0.42524007736692998        8.0362820872197344E-002
           7  -788.02480761201787       0.40944104371372497       0.11819544840270023     
           3  -787.93125909048433       0.40749242651788342       0.20374621325894171     
