# No.Blocks      Mean       Error        Error_in_Error
        2257   957.26133625970931        4.7855077019473925E-002   7.1243209153484268E-004
        1128   957.26293689100146        6.6836899092147975E-002   1.4077947350676807E-003
         564   957.26293689100009        9.2246087388527298E-002   2.7490254430907056E-003
         282   957.26293689099987       0.12598985625284315        5.3145613235324827E-003
         141   957.26293689100044       0.16770460183393038        1.0022266901447341E-002
          70   957.27956466433034       0.21790972813855566        1.8549707919380896E-002
          35   957.27956466433079       0.28156408408053157        3.4144660560127167E-002
          17   957.24825108289292       0.26747749730024023        4.7283788038951578E-002
           8   957.21652320173428       0.38548715678833456       0.10302577626453975     
           4   957.21652320173439       0.35801829465529400       0.14616035674781139     
           2   957.21652320173439       0.56109061018354267       0.39675097532088072     
