# No.Blocks      Mean       Error        Error_in_Error
        2257  -804.40351704639374        9.4665385255040285E-002   1.4093104141438368E-003
        1128  -804.40605615799655       0.13214085508860932        2.7833008803207640E-003
         564  -804.40605615799586       0.18237146642522647        5.4348516613514641E-003
         282  -804.40605615799575       0.24480369388820428        1.0326420571392438E-002
         141  -804.40605615799495       0.32383561683173312        1.9352879697936896E-002
          70  -804.42619846524508       0.41207995248277512        3.5078575074571711E-002
          35  -804.42619846524519       0.50219471995376652        6.0900055146966482E-002
          17  -804.39122739840366       0.44871055658959325        7.9321569338622860E-002
           8  -804.39420228099129       0.51590035570282111       0.13788016976819747     
           4  -804.39420228099129       0.41107771972502877       0.16782177632552603     
           2  -804.39420228099129       0.59852773293323591       0.42322301868530199     
