# Block_length   Mean       Error        Error_in_Error
        2257  -1.1900262939856086        1.2075227179772006E-004   1.7976732859384125E-006
        1128  -1.1900245274918488        1.6740958143492867E-004   3.5261708808340620E-006
         564  -1.1900245274918482        2.2776533279066213E-004   6.7876341709580672E-006
         282  -1.1900245274918479        2.9785055868881109E-004   1.2564067508921979E-005
         141  -1.1900245274918499        3.8185368249239445E-004   2.2820122294730087E-005
          70  -1.1900154004067898        4.6542352658695955E-004   3.9619481657591742E-005
          35  -1.1900154004067902        5.5189985992071104E-004   6.6927688741667138E-005
          17  -1.1900282082623725        5.3255592460312376E-004   9.4143476411985121E-005
           8  -1.1899843639939103        6.2381319119176389E-004   1.6672108819926345E-004
           4  -1.1899843639939105        5.9172194880193916E-004   2.4156947402833716E-004
           2  -1.1899843639939105        8.0803870339024163E-004   5.7136964662842513E-004
