# No.Blocks      Mean       Error        Error_in_Error
        2257  -1.1893033943287532        1.2563039373875545E-005   1.8702952695118505E-007
        1128  -1.1893034676418448        1.6302578525604955E-005   3.4338343831200191E-007
         564  -1.1893034676418439        1.9471160254916329E-005   5.8026000302662854E-007
         282  -1.1893034676418439        2.0273536757747028E-005   8.5518753293684360E-007
         141  -1.1893034676418437        2.2129740652094642E-005   1.3225049572266939E-006
          70  -1.1893039906249998        2.3686544050916971E-005   2.0163325314447859E-006
          35  -1.1893039906249998        2.4869210792561617E-005   3.0158347918671247E-006
          17  -1.1892984352022058        2.4938815543428147E-005   4.4086013963796292E-006
           8  -1.1892942939453126        2.6771885069623763E-005   7.1550872520443390E-006
           4  -1.1892942939453124        1.3444103815476290E-005   5.4885323994868935E-006
           2  -1.1892942939453124        2.1013674640559594E-005   1.4858911835987474E-005
