TERM-2
  1 -26.435582978363815
  2 -26.421194408040265
  3 -26.425762975355397
  4 -26.435582978363815
  5 -26.425762975355397
  6 -26.425762975355397
  7 -26.421194408040265
  8 -26.425762975355397
  9 -26.421194408040265
  10 -26.421194408040265
TERM-02
  1 2 -19.457371972731718
  1 3 -3.4442253878163744
  1 4 -38.772108092348816
  1 5 -3.7771963655630429
  1 6 -3.4442253878163744
  1 7 -19.366159251076464
  1 8 -3.7771963655630429
  1 9 -19.366159251076464
  1 10 -19.457371972731718
  2 1 -19.457972380382810
  2 3 15.664309242239598
  2 4 -19.362960126487501
  2 5 16.310662698892045
  2 6 16.021214420458552
  2 7 0.86037077466919265
  2 8 15.714921451160299
  3 1 -3.4344653219279495
  3 2 15.663993742862077
  3 4 -3.7758357721659270
  3 5 31.333784829647914
  3 6 31.519837102510159
  3 7 15.712530863306936
  3 8 31.407226701963307
  3 9 16.306811841151539
  3 10 16.020335987740243
  4 1 -38.772108092348816
  4 2 -19.366159251076464
  4 3 -3.7771963655630429
  4 5 -3.4442253878163744
  4 6 -3.7771963655630429
  4 7 -19.457371972731718
  4 8 -3.4442253878163744
  4 9 -19.457371972731718
  4 10 -19.366159251076464
  5 1 -3.7758357721659270
  5 2 16.306811841151539
  5 3 31.333784829647914
  5 4 -3.4344653219279495
  5 6 31.407226701963307
  5 7 16.020335987740243
  5 8 31.519837102510159
  5 9 15.663993742862077
  5 10 15.713480263641230
  6 1 -3.4344653219279495
  6 2 16.020335987740243
  6 3 31.519837102510159
  6 4 -3.7758357721659270
  6 5 31.407226701963307
  6 7 16.306811841151539
  6 8 31.333784829647914
  6 9 15.713480263641230
  6 10 15.663993742862077
  7 1 -19.362960126487501
  7 2 0.86037077466919265
  7 3 15.714203254581333
  7 4 -19.457972380382810
  7 5 16.021214420458552
  7 6 16.310662698892045
  7 8 15.664309242239598
  8 1 -3.7758357721659270
  8 2 15.713480263641230
  8 3 31.407226701963307
  8 4 -3.4344653219279495
  8 5 31.519837102510159
  8 6 31.333784829647914
  8 7 15.663993742862077
  8 9 16.020335987740243
  8 10 16.306811841151539
  9 1 -19.362960126487501
  9 3 16.310662698892045
  9 4 -19.457972380382810
  9 5 15.664309242239598
  9 6 15.714921451160299
  9 8 16.021214420458552
  9 10 0.86037077466919265
  10 1 -19.457972380382810
  10 3 16.021214420458552
  10 4 -19.362960126487501
  10 5 15.714921451160299
  10 6 15.664309242239598
  10 8 16.310662698892045
  10 9 0.86037077466919265
TERM-uu
  1 2 97.891950301993546
  1 3 19.599337499221054
  1 4 195.77251449782972
  1 5 19.753115149052018
  1 6 19.599337499221054
  1 7 97.815733696933833
  1 8 19.753115149052018
  1 9 97.815733696933833
  1 10 97.891950301993546
  2 1 97.891950301993546
  2 3 -78.133848402605182
  2 4 97.815733696933833
  2 5 -78.441329720965427
  2 6 -78.363564209700058
  2 7 -0.41098344933447678
  2 8 -78.174187178785189
  3 1 19.599337499221054
  3 2 -78.133848402605182
  3 4 19.753115149052018
  3 5 -156.26485430320687
  3 6 -156.40386969641929
  3 7 -78.174324848694908
  3 8 -156.35595336425180
  3 9 -78.441329720965427
  3 10 -78.363564209700058
  4 1 195.77251449782972
  4 2 97.815733696933833
  4 3 19.753115149052018
  4 5 19.599337499221054
  4 6 19.753115149052018
  4 7 97.891950301993546
  4 8 19.599337499221054
  4 9 97.891950301993546
  4 10 97.815733696933833
  5 1 19.753115149052018
  5 2 -78.441329720965427
  5 3 -156.26485430320687
  5 4 19.599337499221054
  5 6 -156.35595336425180
  5 7 -78.363564209700058
  5 8 -156.40386969641929
  5 9 -78.133848402605182
  5 10 -78.174187178785189
  6 1 19.599337499221054
  6 2 -78.363564209700058
  6 3 -156.40386969641929
  6 4 19.753115149052018
  6 5 -156.35595336425180
  6 7 -78.441329720965427
  6 8 -156.26485430320687
  6 9 -78.174187178785189
  6 10 -78.133848402605182
  7 1 97.815733696933833
  7 2 -0.41098344933447678
  7 3 -78.174324848694908
  7 4 97.891950301993546
  7 5 -78.363564209700058
  7 6 -78.441329720965427
  7 8 -78.133848402605182
  8 1 19.753115149052018
  8 2 -78.174187178785189
  8 3 -156.35595336425180
  8 4 19.599337499221054
  8 5 -156.40386969641929
  8 6 -156.26485430320687
  8 7 -78.133848402605182
  8 9 -78.363564209700058
  8 10 -78.441329720965427
  9 1 97.815733696933833
  9 3 -78.441329720965427
  9 4 97.891950301993546
  9 5 -78.133848402605182
  9 6 -78.174187178785189
  9 8 -78.363564209700058
  9 10 -0.41098344933447678
  10 1 97.891950301993546
  10 3 -78.363564209700058
  10 4 97.815733696933833
  10 5 -78.174187178785189
  10 6 -78.133848402605182
  10 8 -78.441329720965427
  10 9 -0.41098344933447678
TERM-ud
  1 2 -78.429386228767243
  1 3 -16.101229018961696
  1 4 -156.95558159177031
  1 5 -15.986616223245008
  1 6 -16.101229018961696
  1 7 -78.485379295425673
  1 8 -15.986616223245008
  1 9 -78.485379295425673
  1 10 -78.429386228767243
  2 1 -78.429386228767243
  2 3 62.470891034233119
  2 4 -78.485379295425673
  2 5 62.229509975544829
  2 6 62.306776096155915
  2 7 -0.33848677840105201
  2 8 62.467093778197331
  3 1 -16.101229018961696
  3 2 62.470891034233119
  3 4 -15.986616223245008
  3 5 124.93143948325003
  3 6 124.86766102772218
  3 7 62.467133051451754
  3 8 124.93899179613591
  3 9 62.229509975544829
  3 10 62.306776096155915
  4 1 -156.95558159177031
  4 2 -78.485379295425673
  4 3 -15.986616223245008
  4 5 -16.101229018961696
  4 6 -15.986616223245008
  4 7 -78.429386228767243
  4 8 -16.101229018961696
  4 9 -78.429386228767243
  4 10 -78.485379295425673
  5 1 -15.986616223245008
  5 2 62.229509975544829
  5 3 124.93143948325003
  5 4 -16.101229018961696
  5 6 124.93899179613591
  5 7 62.306776096155915
  5 8 124.86766102772218
  5 9 62.470891034233119
  5 10 62.467093778197331
  6 1 -16.101229018961696
  6 2 62.306776096155915
  6 3 124.86766102772218
  6 4 -15.986616223245008
  6 5 124.93899179613591
  6 7 62.229509975544829
  6 8 124.93143948325003
  6 9 62.467093778197331
  6 10 62.470891034233119
  7 1 -78.485379295425673
  7 2 -0.33848677840105201
  7 3 62.467133051451754
  7 4 -78.429386228767243
  7 5 62.306776096155915
  7 6 62.229509975544829
  7 8 62.470891034233119
  8 1 -15.986616223245008
  8 2 62.467093778197331
  8 3 124.93899179613591
  8 4 -16.101229018961696
  8 5 124.86766102772218
  8 6 124.93143948325003
  8 7 62.470891034233119
  8 9 62.306776096155915
  8 10 62.229509975544829
  9 1 -78.485379295425673
  9 3 62.229509975544829
  9 4 -78.429386228767243
  9 5 62.470891034233119
  9 6 62.467093778197331
  9 8 62.306776096155915
  9 10 -0.33848677840105201
  10 1 -78.429386228767243
  10 3 62.306776096155915
  10 4 -78.485379295425673
  10 5 62.467093778197331
  10 6 62.470891034233119
  10 8 62.229509975544829
  10 9 -0.33848677840105201
TERM-du
  1 2 -78.429386228767243
  1 3 -16.101229018961696
  1 4 -156.95558159177031
  1 5 -15.986616223245008
  1 6 -16.101229018961696
  1 7 -78.485379295425673
  1 8 -15.986616223245008
  1 9 -78.485379295425673
  1 10 -78.429386228767243
  2 1 -78.429386228767243
  2 3 62.470891034233119
  2 4 -78.485379295425673
  2 5 62.229509975544829
  2 6 62.306776096155915
  2 7 -0.33848677840105201
  2 8 62.467093778197331
  3 1 -16.101229018961696
  3 2 62.470891034233119
  3 4 -15.986616223245008
  3 5 124.93143948325003
  3 6 124.86766102772218
  3 7 62.467133051451754
  3 8 124.93899179613591
  3 9 62.229509975544829
  3 10 62.306776096155915
  4 1 -156.95558159177031
  4 2 -78.485379295425673
  4 3 -15.986616223245008
  4 5 -16.101229018961696
  4 6 -15.986616223245008
  4 7 -78.429386228767243
  4 8 -16.101229018961696
  4 9 -78.429386228767243
  4 10 -78.485379295425673
  5 1 -15.986616223245008
  5 2 62.229509975544829
  5 3 124.93143948325003
  5 4 -16.101229018961696
  5 6 124.93899179613591
  5 7 62.306776096155915
  5 8 124.86766102772218
  5 9 62.470891034233119
  5 10 62.467093778197331
  6 1 -16.101229018961696
  6 2 62.306776096155915
  6 3 124.86766102772218
  6 4 -15.986616223245008
  6 5 124.93899179613591
  6 7 62.229509975544829
  6 8 124.93143948325003
  6 9 62.467093778197331
  6 10 62.470891034233119
  7 1 -78.485379295425673
  7 2 -0.33848677840105201
  7 3 62.467133051451754
  7 4 -78.429386228767243
  7 5 62.306776096155915
  7 6 62.229509975544829
  7 8 62.470891034233119
  8 1 -15.986616223245008
  8 2 62.467093778197331
  8 3 124.93899179613591
  8 4 -16.101229018961696
  8 5 124.86766102772218
  8 6 124.93143948325003
  8 7 62.470891034233119
  8 9 62.306776096155915
  8 10 62.229509975544829
  9 1 -78.485379295425673
  9 3 62.229509975544829
  9 4 -78.429386228767243
  9 5 62.470891034233119
  9 6 62.467093778197331
  9 8 62.306776096155915
  9 10 -0.33848677840105201
  10 1 -78.429386228767243
  10 3 62.306776096155915
  10 4 -78.485379295425673
  10 5 62.467093778197331
  10 6 62.470891034233119
  10 8 62.229509975544829
  10 9 -0.33848677840105201
TERM-dd
  1 2 97.891950301993546
  1 3 19.599337499221054
  1 4 195.77251449782972
  1 5 19.753115149052018
  1 6 19.599337499221054
  1 7 97.815733696933833
  1 8 19.753115149052018
  1 9 97.815733696933833
  1 10 97.891950301993546
  2 1 97.891950301993546
  2 3 -78.133848402605182
  2 4 97.815733696933833
  2 5 -78.441329720965427
  2 6 -78.363564209700058
  2 7 -0.41098344933447678
  2 8 -78.174187178785189
  3 1 19.599337499221054
  3 2 -78.133848402605182
  3 4 19.753115149052018
  3 5 -156.26485430320687
  3 6 -156.40386969641929
  3 7 -78.174324848694908
  3 8 -156.35595336425180
  3 9 -78.441329720965427
  3 10 -78.363564209700058
  4 1 195.77251449782972
  4 2 97.815733696933833
  4 3 19.753115149052018
  4 5 19.599337499221054
  4 6 19.753115149052018
  4 7 97.891950301993546
  4 8 19.599337499221054
  4 9 97.891950301993546
  4 10 97.815733696933833
  5 1 19.753115149052018
  5 2 -78.441329720965427
  5 3 -156.26485430320687
  5 4 19.599337499221054
  5 6 -156.35595336425180
  5 7 -78.363564209700058
  5 8 -156.40386969641929
  5 9 -78.133848402605182
  5 10 -78.174187178785189
  6 1 19.599337499221054
  6 2 -78.363564209700058
  6 3 -156.40386969641929
  6 4 19.753115149052018
  6 5 -156.35595336425180
  6 7 -78.441329720965427
  6 8 -156.26485430320687
  6 9 -78.174187178785189
  6 10 -78.133848402605182
  7 1 97.815733696933833
  7 2 -0.41098344933447678
  7 3 -78.174324848694908
  7 4 97.891950301993546
  7 5 -78.363564209700058
  7 6 -78.441329720965427
  7 8 -78.133848402605182
  8 1 19.753115149052018
  8 2 -78.174187178785189
  8 3 -156.35595336425180
  8 4 19.599337499221054
  8 5 -156.40386969641929
  8 6 -156.26485430320687
  8 7 -78.133848402605182
  8 9 -78.363564209700058
  8 10 -78.441329720965427
  9 1 97.815733696933833
  9 3 -78.441329720965427
  9 4 97.891950301993546
  9 5 -78.133848402605182
  9 6 -78.174187178785189
  9 8 -78.363564209700058
  9 10 -0.41098344933447678
  10 1 97.891950301993546
  10 3 -78.363564209700058
  10 4 97.815733696933833
  10 5 -78.174187178785189
  10 6 -78.133848402605182
  10 8 -78.441329720965427
  10 9 -0.41098344933447678
TERM-20
  1 2 -19.457972380382810
  1 3 -3.4344653219279495
  1 4 -38.772108092348816
  1 5 -3.7758357721659270
  1 6 -3.4344653219279495
  1 7 -19.362960126487501
  1 8 -3.7758357721659270
  1 9 -19.362960126487501
  1 10 -19.457972380382810
  2 1 -19.457371972731718
  2 3 15.663993742862077
  2 4 -19.366159251076464
  2 5 16.306811841151539
  2 6 16.020335987740243
  2 7 0.86037077466919265
  2 8 15.713480263641230
  3 1 -3.4442253878163744
  3 2 15.664309242239598
  3 4 -3.7771963655630429
  3 5 31.333784829647914
  3 6 31.519837102510159
  3 7 15.714203254581333
  3 8 31.407226701963307
  3 9 16.310662698892045
  3 10 16.021214420458552
  4 1 -38.772108092348816
  4 2 -19.362960126487501
  4 3 -3.7758357721659270
  4 5 -3.4344653219279495
  4 6 -3.7758357721659270
  4 7 -19.457972380382810
  4 8 -3.4344653219279495
  4 9 -19.457972380382810
  4 10 -19.362960126487501
  5 1 -3.7771963655630429
  5 2 16.310662698892045
  5 3 31.333784829647914
  5 4 -3.4442253878163744
  5 6 31.407226701963307
  5 7 16.021214420458552
  5 8 31.519837102510159
  5 9 15.664309242239598
  5 10 15.714921451160299
  6 1 -3.4442253878163744
  6 2 16.021214420458552
  6 3 31.519837102510159
  6 4 -3.7771963655630429
  6 5 31.407226701963307
  6 7 16.310662698892045
  6 8 31.333784829647914
  6 9 15.714921451160299
  6 10 15.664309242239598
  7 1 -19.366159251076464
  7 2 0.86037077466919265
  7 3 15.712530863306936
  7 4 -19.457371972731718
  7 5 16.020335987740243
  7 6 16.306811841151539
  7 8 15.663993742862077
  8 1 -3.7771963655630429
  8 2 15.714921451160299
  8 3 31.407226701963307
  8 4 -3.4442253878163744
  8 5 31.519837102510159
  8 6 31.333784829647914
  8 7 15.664309242239598
  8 9 16.021214420458552
  8 10 16.310662698892045
  9 1 -19.366159251076464
  9 3 16.306811841151539
  9 4 -19.457371972731718
  9 5 15.663993742862077
  9 6 15.713480263641230
  9 8 16.020335987740243
  9 10 0.86037077466919265
  10 1 -19.457371972731718
  10 3 16.020335987740243
  10 4 -19.366159251076464
  10 5 15.713480263641230
  10 6 15.663993742862077
  10 8 16.306811841151539
  10 9 0.86037077466919265
