# No.Blocks      Mean       Error        Error_in_Error
        2257   966.99515010446692        5.5602036173557558E-002   8.2776326759653512E-004
        1128   966.99483395516745        7.7954239427229177E-002   1.6419607931025539E-003
         564   966.99483395516540       0.10831775828318826        3.2279772713272514E-003
         282   966.99483395516745       0.14893583716805611        6.2824791093721135E-003
         141   966.99483395516700       0.20039222762772826        1.1975726177445545E-002
          70   966.97486981395218       0.25775306004370702        2.1941397568525745E-002
          35   966.97486981395218       0.32822763893432033        3.9803447781567601E-002
          17   966.82545672332901       0.37696715166077749        6.6639007305978368E-002
           8   966.66790192515907       0.41991418859120272       0.11222678753953283     
           4   966.66790192515919       0.19288779967797570        7.8746114469869649E-002
           2   966.66790192515919       0.17633730685577481       0.12468930545389144     
