# No.Blocks      Mean       Error        Error_in_Error
        2257  -1.1893924452813485        1.1992309880058847E-005   1.7853291525803094E-007
        1128  -1.1893928346631191        1.5556522205123420E-005   3.2766915212721298E-007
         564  -1.1893928346631208        1.8446056211809502E-005   5.4971087974027554E-007
         282  -1.1893928346631208        1.9828490839453359E-005   8.3641440393340320E-007
         141  -1.1893928346631204        2.0398278611023016E-005   1.2190303088534273E-006
          70  -1.1893918459821431        2.1871037064013182E-005   1.8617863135207869E-006
          35  -1.1893918459821429        2.4347596659050518E-005   2.9525797869176751E-006
          17  -1.1893838543198527        2.5231953876555057E-005   4.4604214221745689E-006
           8  -1.1893793276367188        3.0188372021846231E-005   8.0681817978729098E-006
           4  -1.1893793276367186        1.6057194692038582E-005   6.5553222826701673E-006
           2  -1.1893793276367186        1.1528805889806492E-005   8.1520968236655784E-006
