# No.Blocks      Mean       Error        Error_in_Error
        2257  -813.83914679602628        8.9545140725425659E-002   1.3330838829877223E-003
        1128  -813.83878535076190       0.12494565500396296        2.6317473981198871E-003
         564  -813.83878535076099       0.17209281222046108        5.1285375104800027E-003
         282  -813.83878535076042       0.23232871267920099        9.8001952496323212E-003
         141  -813.83878535076065       0.29627353424651170        1.7705730216002202E-002
          70  -813.80512316965599       0.36922409159391351        3.1430441928278527E-002
          35  -813.80512316965587       0.43841291569224905        5.3165375265710385E-002
          17  -813.61732868368074       0.53693038374646496        9.4916778843055147E-002
           8  -813.45132633009871       0.51349594534358689       0.13723756406952142     
           4  -813.45132633009871       0.40990241809802869       0.16734196144552385     
           2  -813.45132633009871       0.64069025282581371       0.45303642241325642     
