# Block_length   Mean       Error        Error_in_Error
        2257  -1.1881895260401210        1.0623799688234227E-004   1.5815951625897359E-006
        1128  -1.1881896652767610        1.4679735513864679E-004   3.0920127428581745E-006
         564  -1.1881896652767596        1.9849106559536133E-004   5.9152318000177655E-006
         282  -1.1881896652767632        2.5959164740235247E-004   1.0950212741158603E-005
         141  -1.1881896652767623        3.1331099865977810E-004   1.8723913460864834E-005
          70  -1.1882142816301300        3.6538420228075384E-004   3.1103568842756736E-005
          35  -1.1882142816301300        4.1453179832635315E-004   5.0269364402258595E-005
          17  -1.1883048979395727        5.0669859031382135E-004   8.9572502307141833E-005
           8  -1.1883537104626773        5.3941470947942171E-004   1.4416464516129986E-004
           4  -1.1883537104626776        4.9227397210522660E-004   2.0097000755181418E-004
           2  -1.1883537104626776        8.4860868865279336E-004   6.0005695832021373E-004
