# No.Blocks      Mean       Error        Error_in_Error
        2293   10062.641374632758        7.6241137311971408E-002   1.1260743385451723E-003
        1146   10062.642862092573       0.10690985977996161        2.2340866776032050E-003
         573   10062.642862092587       0.14864952188904584        4.3949152475421640E-003
         286   10062.647483859049       0.20492687574804433        8.5834422821075042E-003
         143   10062.647483859042       0.27319261044980592        1.6210998961796404E-002
          71   10062.667286119100       0.36575245778789456        3.0911724587685124E-002
          35   10062.739338978661       0.45557009444810603        5.5245988802416324E-002
          17   10062.824123747932       0.56835422013652026       0.10047178079363131     
           8   10062.843770490088       0.67641958700578075       0.18078073887705418     
           4   10062.843770490088       0.64819647331429586       0.26462510211526630     
           2   10062.843770490088       0.45957228535959876       0.32496667942317137     
