# No.Blocks      Mean       Error        Error_in_Error
        2293 -0.68353261225468798        4.2564304866409603E-006   6.2867072997547194E-008
        1146 -0.68353258128272409        5.5548849333379816E-006   1.1607998037534804E-007
         573 -0.68353258128272332        6.4743081020086532E-006   1.9141693180851334E-007
         286 -0.68353255441433547        6.7401895449419731E-006   2.8231547335257698E-007
         143 -0.68353255441433547        6.8784560469397198E-006   4.0816127366003288E-007
          71 -0.68353354700704216        6.2859116072214996E-006   5.3125649396906185E-007
          35 -0.68353314745535720        6.2031769617878227E-006   7.5224570081909531E-007
          17 -0.68353392954963232        7.3958390388842032E-006   1.3074119842398044E-006
           8 -0.68353151445312499        4.9709860846459679E-006   1.3285519145118613E-006
           4 -0.68353151445312510        4.4341396265503393E-006   1.8102299222172482E-006
           2 -0.68353151445312510        4.9875912855293244E-006   3.5267596197847150E-006
