# Block_length   Mean       Error        Error_in_Error
        2293 -0.68362324521384010        8.2006974266741339E-006   1.2112352013538435E-007
        1146 -0.68362321461204822        1.1439714822197724E-005   2.3905479375291566E-007
         573 -0.68362321461204956        1.5766330812106442E-005   4.6614134242315793E-007
         286 -0.68362285984143101        2.1336775741967171E-005   8.9369919098663895E-007
         143 -0.68362285984143056        2.8094717373799679E-005   1.6671147635682820E-006
          71 -0.68362100021707162        3.5369256296768679E-005   2.9892477445797425E-006
          35 -0.68361806954076909        4.5936151145039425E-005   5.5705765648627994E-006
          17 -0.68360508695197542        5.9702273615003571E-005   1.0553970631355930E-005
           8 -0.68360059660745764        6.6982616549546867E-005   1.7901857285575608E-005
           4 -0.68360059660745764        7.5209296838104665E-005   3.0704066861145448E-005
           2 -0.68360059660745764        6.2363694262123050E-005   4.4097791112591792E-005
