# No.Blocks      Mean       Error        Error_in_Error
        2293  -14719.571701347171       0.22561627958527936        3.3323309666725477E-003
        1146  -14719.574536103280       0.31700870855276686        6.6245052974494515E-003
         573  -14719.574536103271       0.44261138263145117        1.3086079857792201E-002
         286  -14719.588935620321       0.61191094808966195        2.5630129213383170E-002
         143  -14719.588935620321       0.83130186717058152        4.9328690419017454E-002
          71  -14719.657943398286        1.0945446165935115        9.2505903970419912E-002
          35  -14719.826445983883        1.4414968001347608       0.17480716370427907     
          17  -14720.230021422976        1.8401745452723723       0.32529997488224149     
           8  -14720.355453797900        2.0128156947528080       0.53794762232045479     
           4  -14720.355453797900        2.0111726170510789       0.82105778273883645     
           2  -14720.355453797900        1.5462820994105133        1.0933865581205451     
