# No.Blocks      Mean       Error        Error_in_Error
        2257  -1.1887669960124063        1.2847629704582964E-005   1.9126630384434462E-007
        1128  -1.1887667841312053        1.6858596056033812E-005   3.5509491150383697E-007
         564  -1.1887667841312060        2.0310856429221232E-005   6.0528378683122170E-007
         282  -1.1887667841312057        2.1291645416516994E-005   8.9813385466447301E-007
         141  -1.1887667841312057        2.2456051311811479E-005   1.3420057490279110E-006
          70  -1.1887672924107144        2.3402848385769745E-005   1.9921827526743334E-006
          35  -1.1887672924107144        2.5746764050033928E-005   3.1222537557689833E-006
          17  -1.1887634172794117        2.4697062603357910E-005   4.3658651105557661E-006
           8  -1.1887637294921876        1.8132200565924897E-005   4.8460344418542520E-006
           4  -1.1887637294921876        1.2791314742937566E-005   5.2220323765894687E-006
           2  -1.1887637294921873        1.1378341348458194E-006   8.0457023261500744E-007
