# No.Blocks      Mean       Error        Error_in_Error
        2257  -799.88102703292702        8.5513594903102785E-002   1.2730651179746132E-003
        1128  -799.88302564233413       0.11902585367144368        2.5070578140463143E-003
         564  -799.88302564233538       0.16332330150687963        4.8671973413999406E-003
         282  -799.88302564233561       0.21905004581548385        9.2400684946627835E-003
         141  -799.88302564233516       0.27591415345061032        1.6489024496222474E-002
          70  -799.87429421379318       0.32398035578851131        2.7579039370251319E-002
          35  -799.87429421379306       0.38453197908526043        4.6631351946950880E-002
          17  -799.90684604649050       0.49066345902359365        8.6737864789007690E-002
           8  -800.02347081435403       0.60601728472874972       0.16196493213700094     
           4  -800.02347081435391       0.69182345644516197       0.28243574339653821     
           2  -800.02347081435391       0.26889627809453798       0.19013838167647149     
