# Block_length   Mean       Error        Error_in_Error
        2257  -1.1902121561906593        1.0755817157469970E-004   1.6012489773121493E-006
        1128  -1.1902095257693632        1.4832794374776217E-004   3.1242517398005137E-006
         564  -1.1902095257693608        2.0008378914032859E-004   5.9626965508042494E-006
         282  -1.1902095257693599        2.6088084141412615E-004   1.1004594108335910E-005
         141  -1.1902095257693601        3.1234600453625670E-004   1.8666244031651214E-005
          70  -1.1901992991352117        3.4201077677151138E-004   2.9113890731662159E-005
          35  -1.1901992991352122        3.8962727998819379E-004   4.7249247941571443E-005
          17  -1.1901437329580979        4.3366121198655560E-004   7.6661195933317588E-005
           8  -1.1900049024804700        5.5674355517875058E-004   1.4879597398381126E-004
           4  -1.1900049024804702        7.4754078250255189E-004   3.0518224650868530E-004
           2  -1.1900049024804702        6.6994054711656185E-004   4.7371950385794663E-004
