# No.Blocks      Mean       Error        Error_in_Error
        2257   952.02812188085909        5.1032528205228862E-002   7.5973570768190417E-004
        1128   952.02839662072597        7.1468639978558041E-002   1.5053537260240975E-003
         564   952.02839662072540        9.9058719414500146E-002   2.9520486747962832E-003
         282   952.02839662072495       0.13490273736926253        5.6905285217766395E-003
         141   952.02839662072472       0.18163343685109681        1.0854674006808143E-002
          70   952.00982436952870       0.23242749431795931        1.9785542246605479E-002
          35   952.00982436952893       0.27548957103237903        3.3408017650664652E-002
          17   952.00411977250872       0.38406611143994213        6.7893937955782829E-002
           8   952.03185236852255       0.52305739227590364       0.13979296825113213     
           4   952.03185236852255       0.62546982444880339       0.25534698656795651     
           2   952.03185236852255       0.61876151468958318       0.43753046297426379     
