# of blocks mean (X_5)     std.err. (X_5)  std.err.err. (X_5)  mean (X_6)     std.err. (X_6)  std.err.err. (X_6)  cov(X_5,X_6)   mean (X_5/X_6)   std.err. (X_5/X_6) 
# from 50000 to 0
2049        -59988972.0302 1.07336710e+02  1.67713609e+00       260029.906903  4.65264708e-01  7.26976106e-03       -1.02327e+05   -230.700278843404 8.025437493584e-10 
1024        -59988970.5591 1.48392753e+02  3.28064984e+00       260029.900527  6.43227382e-01  1.42203966e-02       -9.77411e+04   -230.700278843375 1.110498999174e-09 
512         -59988970.5591 2.01333574e+02  6.29782741e+00       260029.900527  8.72706136e-01  2.72987387e-02       -8.99610e+04   -230.700278843375 1.495604903456e-09 
256         -59988970.5591 2.67967541e+02  1.18658021e+01       260029.900527  1.16153958e+00  5.14338371e-02       -7.96813e+04   -230.700278843375 1.945089774075e-09 
128         -59988970.5591 3.44689378e+02  2.16277351e+01       260029.900527  1.49410024e+00  9.37481868e-02       -6.59201e+04   -230.700278843375 2.432528991499e-09 
64          -59988970.5591 4.40282091e+02  3.92234461e+01       260029.900527  1.90845922e+00  1.70019061e-01       -5.37767e+04   -230.700278843375 2.793207036160e-09 
32          -59988970.5591 5.22172875e+02  6.63160215e+01       260029.900527  2.26342607e+00  2.87455398e-01       -3.78208e+04   -230.700278843375 3.056610980723e-09 
16          -59988970.5591 5.52065772e+02  1.00792959e+02       260029.900527  2.39300093e+00  4.36900197e-01       -2.11375e+04   -230.700278843375 2.771946809810e-09 
8           -59988970.5591 6.53798043e+02  1.74734877e+02       260029.900527  2.83397302e+00  7.57411148e-01       -1.48228e+04   -230.700278843375 2.861572575431e-09 
4           -59988970.5591 4.86183256e+02  1.98483483e+02       260029.900527  2.10742437e+00  8.60352397e-01       -4.09838e+03   -230.700278843375 1.865664570836e-09 
2           -59988970.5591 8.17406312e+02  5.77993547e+02       260029.900527  3.54315381e+00  2.50538808e+00       -5.79239e+03   -230.700278843375 9.994052213750e-10 
