# of blocks mean (X_1)     std.err. (X_1)  std.err.err. (X_1)  
# from 50000 to 0
2049        -0.683535370571 4.25561387e-06  6.64939667e-08       
1024        -0.683535335498 5.48151571e-06  1.21184716e-07       
512         -0.683535335498 6.34114690e-06  1.98354641e-07       
256         -0.683535335498 6.74285805e-06  2.98578773e-07       
128         -0.683535335498 6.29881726e-06  3.95222945e-07       
64          -0.683535335498 7.05795936e-06  6.28772995e-07       
32          -0.683535335498 7.74610615e-06  9.83756465e-07       
16          -0.683535335498 7.09133260e-06  1.29469428e-06       
8           -0.683535335498 7.11146153e-06  1.90061804e-06       
4           -0.683535335498 5.92790392e-06  2.42005664e-06       
2           -0.683535335498 5.21352539e-06  3.68651916e-06       
