# of blocks mean (X_1)     std.err. (X_1)  std.err.err. (X_1)  
# from 50000 to 0
2049        -1.18940116593 1.24617016e-05  1.94714087e-07       
1024        -1.18940159912 1.62165661e-05  3.58513968e-07       
512         -1.18940159912 1.91477982e-05  5.98953896e-07       
256         -1.18940159912 2.07219304e-05  9.17582500e-07       
128         -1.18940159912 2.14481671e-05  1.34577769e-06       
64          -1.18940159912 2.33785310e-05  2.08272507e-06       
32          -1.18940159912 2.63377775e-05  3.34490108e-06       
16          -1.18940159912 2.73247206e-05  4.98878861e-06       
8           -1.18940159912 3.27111651e-05  8.74242661e-06       
4           -1.18940159912 2.64001060e-05  1.07777981e-05       
2           -1.18940159912 1.28271484e-06  9.07016364e-07       
