# of blocks mean (X_5)     std.err. (X_5)  std.err.err. (X_5)  mean (X_6)     std.err. (X_6)  std.err.err. (X_6)  cov(X_5,X_6)   mean (X_5/X_6)   std.err. (X_5/X_6) 
# from 50000 to 0
2049        -34564176.2733 2.70438963e+02  4.22560879e+00       90163.4945258  7.05465660e-01  1.10229009e-02       -3.90919e+05   -383.350007174296 6.328141656496e-08 
1024        -34564184.0679 3.78697997e+02  8.37221155e+00       90163.5148585  9.87869675e-01  2.18397086e-02       -3.83083e+05   -383.350007174263 8.783043656862e-08 
512         -34564184.0679 5.24459442e+02  1.64053863e+01       90163.5148585  1.36810244e+00  4.27950136e-02       -3.67367e+05   -383.350007174262 1.196463634952e-07 
256         -34564184.0679 7.19294669e+02  3.18509033e+01       90163.5148585  1.87634935e+00  8.30861458e-02       -3.45510e+05   -383.350007174263 1.584278359241e-07 
128         -34564184.0679 9.62709679e+02  6.04057776e+01       90163.5148585  2.51132072e+00  1.57574277e-01       -3.09462e+05   -383.350007174263 2.020237211708e-07 
64          -34564184.0679 1.24992033e+03  1.11351753e+02       90163.5148585  3.26053948e+00  2.90471943e-01       -2.60827e+05   -383.350007174262 2.471154694428e-07 
32          -34564184.0679 1.52194761e+03  1.93287539e+02       90163.5148585  3.97015605e+00  5.04210323e-01       -1.93356e+05   -383.350007174262 2.970182857747e-07 
16          -34564184.0679 1.84963469e+03  3.37695548e+02       90163.5148585  4.82496716e+00  8.80914450e-01       -1.42791e+05   -383.350007174262 3.253235150149e-07 
8           -34564184.0679 2.09928400e+03  5.61057250e+02       90163.5148585  5.47620198e+00  1.46357654e+00       -9.19688e+04   -383.350007174263 3.361862218229e-07 
4           -34564184.0679 1.21620613e+03  4.96514074e+02       90163.5148585  3.17262750e+00  1.29521975e+00       -1.54343e+04   -383.350007174263 4.017841555538e-07 
2           -34564184.0679 5.18689618e+02  3.66768946e+02       90163.5148585  1.35295084e+00  9.56680715e-01       -1.40352e+03   -383.350007174263 3.981929087601e-07 
