TERM-2
  1 -0.10886215721287203
  2 -0.35944232992788328
  3 -0.27956019682023514
  4 -0.10886215721287203
  5 -0.27956019682023514
  6 -0.27956019682023514
  7 -0.35944232992788328
  8 -0.27956019682023514
  9 -0.35944232992788328
  10 -0.35944232992788328
TERM-02
  1 2 -2.4867041099451574
  1 3 -1.8615845785152714
  1 4 -4.9511477415988496
  1 5 -2.1394685387947439
  1 6 -1.8615845785152714
  1 7 -2.3848292759007159
  1 8 -2.1394685387947439
  1 9 -2.3848292759007159
  1 10 -2.4867041099451574
  2 1 -2.4920065293654075
  2 3 0.35834525846424370
  2 4 -2.3866744135548625
  2 5 1.1348764406610892
  2 6 0.77740791846507351
  2 7 0.78517043412920084
  2 8 0.40786030441993776
  3 1 -1.8680177935057212
  3 2 0.36099647543100655
  3 4 -2.1413803287720854
  3 5 0.71476858239334562
  3 6 0.88337160657220104
  3 7 0.40800092524597764
  3 8 0.93086496377956551
  3 9 1.1382078383049659
  3 10 0.77923504581869951
  4 1 -4.9511477415988496
  4 2 -2.3848292759007159
  4 3 -2.1394685387947439
  4 5 -1.8615845785152714
  4 6 -2.1394685387947439
  4 7 -2.4867041099451574
  4 8 -1.8615845785152714
  4 9 -2.4867041099451574
  4 10 -2.3848292759007159
  5 1 -2.1413803287720854
  5 2 1.1382078383049659
  5 3 0.71476858239334562
  5 4 -1.8680177935057212
  5 6 0.93086496377956551
  5 7 0.77923504581869951
  5 8 0.88337160657220104
  5 9 0.36099647543100655
  5 10 0.40762046076674985
  6 1 -1.8680177935057212
  6 2 0.77923504581869951
  6 3 0.88337160657220104
  6 4 -2.1413803287720854
  6 5 0.93086496377956551
  6 7 1.1382078383049659
  6 8 0.71476858239334562
  6 9 0.40762046076674985
  6 10 0.36099647543100655
  7 1 -2.3866744135548625
  7 2 0.78517043412920084
  7 3 0.40815853102282251
  7 4 -2.4920065293654075
  7 5 0.77740791846507351
  7 6 1.1348764406610892
  7 8 0.35834525846424370
  8 1 -2.1413803287720854
  8 2 0.40762046076674985
  8 3 0.93086496377956551
  8 4 -1.8680177935057212
  8 5 0.88337160657220104
  8 6 0.71476858239334562
  8 7 0.36099647543100655
  8 9 0.77923504581869951
  8 10 1.1382078383049659
  9 1 -2.3866744135548625
  9 3 1.1348764406610892
  9 4 -2.4920065293654075
  9 5 0.35834525846424370
  9 6 0.40786030441993776
  9 8 0.77740791846507351
  9 10 0.78517043412920084
  10 1 -2.4920065293654075
  10 3 0.77740791846507351
  10 4 -2.3866744135548625
  10 5 0.40786030441993776
  10 6 0.35834525846424370
  10 8 1.1348764406610892
  10 9 0.78517043412920084
TERM-uu
  1 2 13.212600632585371
  1 3 11.448515008712233
  1 4 26.456521169238766
  1 5 11.613639454750130
  1 6 11.448515008712233
  1 7 13.165391976300283
  1 8 11.613639454750130
  1 9 13.165391976300283
  1 10 13.212600632585371
  2 1 13.212600632585371
  2 3 -1.6233449059206879
  2 4 13.165391976300283
  2 5 -2.1007685284674094
  2 6 -1.8799059354677616
  2 7 -0.47215419532085617
  2 8 -1.6575227098908905
  3 1 11.448515008712233
  3 2 -1.6233449059206879
  3 4 11.613639454750130
  3 5 -3.2445111883016646
  3 6 -3.3461709419093628
  3 7 -1.6593374628982638
  3 8 -3.3916455781696104
  3 9 -2.1007685284674094
  3 10 -1.8799059354677616
  4 1 26.456521169238766
  4 2 13.165391976300283
  4 3 11.613639454750130
  4 5 11.448515008712233
  4 6 11.613639454750130
  4 7 13.212600632585371
  4 8 11.448515008712233
  4 9 13.212600632585371
  4 10 13.165391976300283
  5 1 11.613639454750130
  5 2 -2.1007685284674094
  5 3 -3.2445111883016646
  5 4 11.448515008712233
  5 6 -3.3916455781696104
  5 7 -1.8799059354677616
  5 8 -3.3461709419093628
  5 9 -1.6233449059206879
  5 10 -1.6575227098908905
  6 1 11.448515008712233
  6 2 -1.8799059354677616
  6 3 -3.3461709419093628
  6 4 11.613639454750130
  6 5 -3.3916455781696104
  6 7 -2.1007685284674094
  6 8 -3.2445111883016646
  6 9 -1.6575227098908905
  6 10 -1.6233449059206879
  7 1 13.165391976300283
  7 2 -0.47215419532085617
  7 3 -1.6593374628982638
  7 4 13.212600632585371
  7 5 -1.8799059354677616
  7 6 -2.1007685284674094
  7 8 -1.6233449059206879
  8 1 11.613639454750130
  8 2 -1.6575227098908905
  8 3 -3.3916455781696104
  8 4 11.448515008712233
  8 5 -3.3461709419093628
  8 6 -3.2445111883016646
  8 7 -1.6233449059206879
  8 9 -1.8799059354677616
  8 10 -2.1007685284674094
  9 1 13.165391976300283
  9 3 -2.1007685284674094
  9 4 13.212600632585371
  9 5 -1.6233449059206879
  9 6 -1.6575227098908905
  9 8 -1.8799059354677616
  9 10 -0.47215419532085617
  10 1 13.212600632585371
  10 3 -1.8799059354677616
  10 4 13.165391976300283
  10 5 -1.6575227098908905
  10 6 -1.6233449059206879
  10 8 -2.1007685284674094
  10 9 -0.47215419532085617
TERM-ud
  1 2 -10.726254891488130
  1 3 -9.6041986532815375
  1 4 -21.516517435986959
  1 5 -9.4639904202222933
  1 6 -9.6041986532815375
  1 7 -10.763237940244544
  1 8 -9.4639904202222933
  1 9 -10.763237940244544
  1 10 -10.726254891488130
  2 1 -10.726254891488130
  2 3 1.2688057174732104
  2 4 -10.763237940244544
  2 5 0.90478115686172689
  2 6 1.1121057847530165
  2 7 -0.33473868249134203
  2 8 1.2490039669348383
  3 1 -9.6041986532815375
  3 2 1.2688057174732104
  3 4 -9.4639904202222933
  3 5 2.5277744769457575
  3 6 2.4681188948561124
  3 7 1.2491965282098361
  3 8 2.4518595900072238
  3 9 0.90478115686172689
  3 10 1.1121057847530165
  4 1 -21.516517435986959
  4 2 -10.763237940244544
  4 3 -9.4639904202222933
  4 5 -9.6041986532815375
  4 6 -9.4639904202222933
  4 7 -10.726254891488130
  4 8 -9.6041986532815375
  4 9 -10.726254891488130
  4 10 -10.763237940244544
  5 1 -9.4639904202222933
  5 2 0.90478115686172689
  5 3 2.5277744769457575
  5 4 -9.6041986532815375
  5 6 2.4518595900072238
  5 7 1.1121057847530165
  5 8 2.4681188948561124
  5 9 1.2688057174732104
  5 10 1.2490039669348383
  6 1 -9.6041986532815375
  6 2 1.1121057847530165
  6 3 2.4681188948561124
  6 4 -9.4639904202222933
  6 5 2.4518595900072238
  6 7 0.90478115686172689
  6 8 2.5277744769457575
  6 9 1.2490039669348383
  6 10 1.2688057174732104
  7 1 -10.763237940244544
  7 2 -0.33473868249134203
  7 3 1.2491965282098361
  7 4 -10.726254891488130
  7 5 1.1121057847530165
  7 6 0.90478115686172689
  7 8 1.2688057174732104
  8 1 -9.4639904202222933
  8 2 1.2490039669348383
  8 3 2.4518595900072238
  8 4 -9.6041986532815375
  8 5 2.4681188948561124
  8 6 2.5277744769457575
  8 7 1.2688057174732104
  8 9 1.1121057847530165
  8 10 0.90478115686172689
  9 1 -10.763237940244544
  9 3 0.90478115686172689
  9 4 -10.726254891488130
  9 5 1.2688057174732104
  9 6 1.2490039669348383
  9 8 1.1121057847530165
  9 10 -0.33473868249134203
  10 1 -10.726254891488130
  10 3 1.1121057847530165
  10 4 -10.763237940244544
  10 5 1.2490039669348383
  10 6 1.2688057174732104
  10 8 0.90478115686172689
  10 9 -0.33473868249134203
TERM-du
  1 2 -10.726254891488130
  1 3 -9.6041986532815375
  1 4 -21.516517435986959
  1 5 -9.4639904202222933
  1 6 -9.6041986532815375
  1 7 -10.763237940244544
  1 8 -9.4639904202222933
  1 9 -10.763237940244544
  1 10 -10.726254891488130
  2 1 -10.726254891488130
  2 3 1.2688057174732104
  2 4 -10.763237940244544
  2 5 0.90478115686172689
  2 6 1.1121057847530165
  2 7 -0.33473868249134203
  2 8 1.2490039669348383
  3 1 -9.6041986532815375
  3 2 1.2688057174732104
  3 4 -9.4639904202222933
  3 5 2.5277744769457575
  3 6 2.4681188948561124
  3 7 1.2491965282098361
  3 8 2.4518595900072238
  3 9 0.90478115686172689
  3 10 1.1121057847530165
  4 1 -21.516517435986959
  4 2 -10.763237940244544
  4 3 -9.4639904202222933
  4 5 -9.6041986532815375
  4 6 -9.4639904202222933
  4 7 -10.726254891488130
  4 8 -9.6041986532815375
  4 9 -10.726254891488130
  4 10 -10.763237940244544
  5 1 -9.4639904202222933
  5 2 0.90478115686172689
  5 3 2.5277744769457575
  5 4 -9.6041986532815375
  5 6 2.4518595900072238
  5 7 1.1121057847530165
  5 8 2.4681188948561124
  5 9 1.2688057174732104
  5 10 1.2490039669348383
  6 1 -9.6041986532815375
  6 2 1.1121057847530165
  6 3 2.4681188948561124
  6 4 -9.4639904202222933
  6 5 2.4518595900072238
  6 7 0.90478115686172689
  6 8 2.5277744769457575
  6 9 1.2490039669348383
  6 10 1.2688057174732104
  7 1 -10.763237940244544
  7 2 -0.33473868249134203
  7 3 1.2491965282098361
  7 4 -10.726254891488130
  7 5 1.1121057847530165
  7 6 0.90478115686172689
  7 8 1.2688057174732104
  8 1 -9.4639904202222933
  8 2 1.2490039669348383
  8 3 2.4518595900072238
  8 4 -9.6041986532815375
  8 5 2.4681188948561124
  8 6 2.5277744769457575
  8 7 1.2688057174732104
  8 9 1.1121057847530165
  8 10 0.90478115686172689
  9 1 -10.763237940244544
  9 3 0.90478115686172689
  9 4 -10.726254891488130
  9 5 1.2688057174732104
  9 6 1.2490039669348383
  9 8 1.1121057847530165
  9 10 -0.33473868249134203
  10 1 -10.726254891488130
  10 3 1.1121057847530165
  10 4 -10.763237940244544
  10 5 1.2490039669348383
  10 6 1.2688057174732104
  10 8 0.90478115686172689
  10 9 -0.33473868249134203
TERM-dd
  1 2 13.212600632585371
  1 3 11.448515008712233
  1 4 26.456521169238766
  1 5 11.613639454750130
  1 6 11.448515008712233
  1 7 13.165391976300283
  1 8 11.613639454750130
  1 9 13.165391976300283
  1 10 13.212600632585371
  2 1 13.212600632585371
  2 3 -1.6233449059206879
  2 4 13.165391976300283
  2 5 -2.1007685284674094
  2 6 -1.8799059354677616
  2 7 -0.47215419532085617
  2 8 -1.6575227098908905
  3 1 11.448515008712233
  3 2 -1.6233449059206879
  3 4 11.613639454750130
  3 5 -3.2445111883016646
  3 6 -3.3461709419093628
  3 7 -1.6593374628982638
  3 8 -3.3916455781696104
  3 9 -2.1007685284674094
  3 10 -1.8799059354677616
  4 1 26.456521169238766
  4 2 13.165391976300283
  4 3 11.613639454750130
  4 5 11.448515008712233
  4 6 11.613639454750130
  4 7 13.212600632585371
  4 8 11.448515008712233
  4 9 13.212600632585371
  4 10 13.165391976300283
  5 1 11.613639454750130
  5 2 -2.1007685284674094
  5 3 -3.2445111883016646
  5 4 11.448515008712233
  5 6 -3.3916455781696104
  5 7 -1.8799059354677616
  5 8 -3.3461709419093628
  5 9 -1.6233449059206879
  5 10 -1.6575227098908905
  6 1 11.448515008712233
  6 2 -1.8799059354677616
  6 3 -3.3461709419093628
  6 4 11.613639454750130
  6 5 -3.3916455781696104
  6 7 -2.1007685284674094
  6 8 -3.2445111883016646
  6 9 -1.6575227098908905
  6 10 -1.6233449059206879
  7 1 13.165391976300283
  7 2 -0.47215419532085617
  7 3 -1.6593374628982638
  7 4 13.212600632585371
  7 5 -1.8799059354677616
  7 6 -2.1007685284674094
  7 8 -1.6233449059206879
  8 1 11.613639454750130
  8 2 -1.6575227098908905
  8 3 -3.3916455781696104
  8 4 11.448515008712233
  8 5 -3.3461709419093628
  8 6 -3.2445111883016646
  8 7 -1.6233449059206879
  8 9 -1.8799059354677616
  8 10 -2.1007685284674094
  9 1 13.165391976300283
  9 3 -2.1007685284674094
  9 4 13.212600632585371
  9 5 -1.6233449059206879
  9 6 -1.6575227098908905
  9 8 -1.8799059354677616
  9 10 -0.47215419532085617
  10 1 13.212600632585371
  10 3 -1.8799059354677616
  10 4 13.165391976300283
  10 5 -1.6575227098908905
  10 6 -1.6233449059206879
  10 8 -2.1007685284674094
  10 9 -0.47215419532085617
TERM-20
  1 2 -2.4920065293654075
  1 3 -1.8680177935057212
  1 4 -4.9511477415988496
  1 5 -2.1413803287720854
  1 6 -1.8680177935057212
  1 7 -2.3866744135548625
  1 8 -2.1413803287720854
  1 9 -2.3866744135548625
  1 10 -2.4920065293654075
  2 1 -2.4867041099451574
  2 3 0.36099647543100655
  2 4 -2.3848292759007159
  2 5 1.1382078383049659
  2 6 0.77923504581869951
  2 7 0.78517043412920084
  2 8 0.40762046076674985
  3 1 -1.8615845785152714
  3 2 0.35834525846424370
  3 4 -2.1394685387947439
  3 5 0.71476858239334562
  3 6 0.88337160657220104
  3 7 0.40815853102282251
  3 8 0.93086496377956551
  3 9 1.1348764406610892
  3 10 0.77740791846507351
  4 1 -4.9511477415988496
  4 2 -2.3866744135548625
  4 3 -2.1413803287720854
  4 5 -1.8680177935057212
  4 6 -2.1413803287720854
  4 7 -2.4920065293654075
  4 8 -1.8680177935057212
  4 9 -2.4920065293654075
  4 10 -2.3866744135548625
  5 1 -2.1394685387947439
  5 2 1.1348764406610892
  5 3 0.71476858239334562
  5 4 -1.8615845785152714
  5 6 0.93086496377956551
  5 7 0.77740791846507351
  5 8 0.88337160657220104
  5 9 0.35834525846424370
  5 10 0.40786030441993776
  6 1 -1.8615845785152714
  6 2 0.77740791846507351
  6 3 0.88337160657220104
  6 4 -2.1394685387947439
  6 5 0.93086496377956551
  6 7 1.1348764406610892
  6 8 0.71476858239334562
  6 9 0.40786030441993776
  6 10 0.35834525846424370
  7 1 -2.3848292759007159
  7 2 0.78517043412920084
  7 3 0.40800092524597764
  7 4 -2.4867041099451574
  7 5 0.77923504581869951
  7 6 1.1382078383049659
  7 8 0.36099647543100655
  8 1 -2.1394685387947439
  8 2 0.40786030441993776
  8 3 0.93086496377956551
  8 4 -1.8615845785152714
  8 5 0.88337160657220104
  8 6 0.71476858239334562
  8 7 0.35834525846424370
  8 9 0.77740791846507351
  8 10 1.1348764406610892
  9 1 -2.3848292759007159
  9 3 1.1382078383049659
  9 4 -2.4867041099451574
  9 5 0.36099647543100655
  9 6 0.40762046076674985
  9 8 0.77923504581869951
  9 10 0.78517043412920084
  10 1 -2.4867041099451574
  10 3 0.77923504581869951
  10 4 -2.3848292759007159
  10 5 0.40762046076674985
  10 6 0.36099647543100655
  10 8 1.1382078383049659
  10 9 0.78517043412920084
