# of blocks mean (X_1)     std.err. (X_1)  std.err.err. (X_1)  
# from 50000 to 0
2049        -1.18946798926 1.31126244e-05  2.04884757e-07       
1024        -1.18946822754 1.70870650e-05  3.77758858e-07       
512         -1.18946822754 2.04138841e-05  6.38557774e-07       
256         -1.18946822754 2.24941882e-05  9.96059397e-07       
128         -1.18946822754 2.46630411e-05  1.54749683e-06       
64          -1.18946822754 2.87659303e-05  2.56267275e-06       
32          -1.18946822754 2.93365764e-05  3.72574893e-06       
16          -1.18946822754 3.11556734e-05  5.68822171e-06       
8           -1.18946822754 2.21927871e-05  5.93127183e-06       
4           -1.18946822754 1.01870500e-05  4.15884574e-06       
2           -1.18946822754 6.64648437e-06  4.69977417e-06       
