# of blocks mean (X_5)     std.err. (X_5)  std.err.err. (X_5)  mean (X_6)     std.err. (X_6)  std.err.err. (X_6)  cov(X_5,X_6)   mean (X_5/X_6)   std.err. (X_5/X_6) 
# from 50000 to 0
2049        -35109414.2815 2.55874155e+02  3.99803367e+00       91585.7756427  6.67466917e-01  1.04291706e-02       -3.49944e+05   -383.350078492678 4.941283325796e-08 
1024        -35109417.7373 3.57329890e+02  7.89980790e+00       91585.7846578  9.32121814e-01  2.06072413e-02       -3.41069e+05   -383.350078492013 6.886237001242e-08 
512         -35109417.7373 4.93008371e+02  1.54215791e+01       91585.7846578  1.28604928e+00  4.02283446e-02       -3.24625e+05   -383.350078492013 9.469686936951e-08 
256         -35109417.7373 6.73014553e+02  2.98015853e+01       91585.7846578  1.75560899e+00  7.77396726e-02       -3.02477e+05   -383.350078492013 1.276854732337e-07 
128         -35109417.7373 8.94992749e+02  5.61568396e+01       91585.7846578  2.33465621e+00  1.46489359e-01       -2.67456e+05   -383.350078492013 1.644825287201e-07 
64          -35109417.7373 1.12266980e+03  1.00015375e+02       91585.7846578  2.92857239e+00  2.60897965e-01       -2.10420e+05   -383.350078492013 1.988246976417e-07 
32          -35109417.7373 1.31961679e+03  1.67591500e+02       91585.7846578  3.44232951e+00  4.37176284e-01       -1.45362e+05   -383.350078492013 2.034854459423e-07 
16          -35109417.7373 1.38120318e+03  2.52172046e+02       91585.7846578  3.60298616e+00  6.57812264e-01       -7.96233e+04   -383.350078492013 2.466810170635e-07 
8           -35109417.7373 1.13223503e+03  3.02602540e+02       91585.7846578  2.95355708e+00  7.89371332e-01       -2.67530e+04   -383.350078492013 2.861603790256e-07 
4           -35109417.7373 7.45650096e+02  3.04410377e+02       91585.7846578  1.94510366e+00  7.94085243e-01       -5.80147e+03   -383.350078492013 3.408950993016e-07 
2           -35109417.7373 2.19048389e+02  1.54890602e+02       91585.7846578  5.71494785e-01  4.04107838e-01       -2.50370e+02   -383.350078492013 3.732184811060e-07 
