# of blocks mean (X_5)     std.err. (X_5)  std.err.err. (X_5)  mean (X_6)     std.err. (X_6)  std.err.err. (X_6)  cov(X_5,X_6)   mean (X_5/X_6)   std.err. (X_5/X_6) 
# from 50000 to 0
2049        -59831196.7714 1.07865465e+02  1.68539789e+00       259346.009767  4.67556913e-01  7.30557677e-03       -1.03338e+05   -230.700278847710 8.675940871659e-10 
1024        -59831197.2501 1.49290507e+02  3.30049728e+00       259346.011843  6.47119167e-01  1.43064357e-02       -9.89274e+04   -230.700278847720 1.200717926375e-09 
512         -59831197.2501 2.03665353e+02  6.37076678e+00       259346.011843  8.82814041e-01  2.76149197e-02       -9.20569e+04   -230.700278847720 1.633391171128e-09 
256         -59831197.2501 2.72446157e+02  1.20641186e+01       259346.011843  1.18095344e+00  5.22934973e-02       -8.23670e+04   -230.700278847720 2.140161306841e-09 
128         -59831197.2501 3.48494108e+02  2.18664651e+01       259346.011843  1.51059329e+00  9.47830528e-02       -6.73834e+04   -230.700278847720 2.625510968532e-09 
64          -59831197.2501 4.23420953e+02  3.77213366e+01       259346.011843  1.83537355e+00  1.63508071e-01       -4.97367e+04   -230.700278847720 3.161267317909e-09 
32          -59831197.2501 4.75782221e+02  6.04244025e+01       259346.011843  2.06234039e+00  2.61917491e-01       -3.13992e+04   -230.700278847720 3.601879256106e-09 
16          -59831197.2501 4.91575296e+02  8.97489595e+01       259346.011843  2.13079590e+00  3.89028327e-01       -1.67591e+04   -230.700278847720 2.847354391429e-09 
8           -59831197.2501 6.58111704e+02  1.75887751e+02       259346.011843  2.85267019e+00  7.62408179e-01       -1.50190e+04   -230.700278847720 3.005548516868e-09 
4           -59831197.2501 7.43891726e+02  3.03692525e+02       259346.011843  3.22449482e+00  1.31639450e+00       -9.59470e+03   -230.700278847720 1.207608708920e-09 
2           -59831197.2501 1.22075418e+03  8.63203561e+02       259346.011843  5.29151717e+00  3.74166767e+00       -1.29193e+04   -230.700278847720 1.168232111980e-09 
