# of blocks mean (X_1)     std.err. (X_1)  std.err.err. (X_1)  
# from 50000 to 0
2049        -0.683525912299 4.39297119e-06  6.86401748e-08       
1024        -0.683525994141 5.68907890e-06  1.25773499e-07       
512         -0.683525994141 6.76311075e-06  2.11553907e-07       
256         -0.683525994141 7.16218153e-06  3.17146729e-07       
128         -0.683525994141 6.91696090e-06  4.34008727e-07       
64          -0.683525994141 7.11101824e-06  6.33499855e-07       
32          -0.683525994141 8.30346788e-06  1.05454147e-06       
16          -0.683525994141 8.87214715e-06  1.61982504e-06       
8           -0.683525994141 1.20272382e-05  3.21441461e-06       
4           -0.683525994141 1.51000881e-05  6.16458517e-06       
2           -0.683525994141 1.61504883e-05  1.14201198e-05       
