# No.Blocks      Mean       Error        Error_in_Error
        2196  -14720.325210833145       0.22523704914975826        3.3994414759558503E-003
        1098  -14720.325210833154       0.31623957446982959        6.7514632081958426E-003
         549  -14720.325210833142       0.44134232825586583        1.3331232561057388E-002
         274  -14720.332231019200       0.60945076183753633        2.6082084819714312E-002
         137  -14720.332231019200       0.82588532342889720        5.0076653281540401E-002
          68  -14720.329878585479        1.0934369186138440        9.4458562935547510E-002
          34  -14720.329878585484        1.4103369492166165       0.17360047786231678     
          17  -14720.329878585480        1.6761271703329943       0.29630022206836992     
           8  -14720.021426789357        2.0453080573840845       0.54663157150995856     
           4  -14720.021426789357        2.1720663488014749       0.88674237367228703     
           2  -14720.021426789355       0.32135491114947828       0.22723223684139654     
