# Block_length   Mean       Error        Error_in_Error
        2196 -0.68359938139981213        8.2592567537871545E-006   1.2465471411288315E-007
        1098 -0.68359938139981113        1.1512312605663302E-005   2.4577871105692448E-007
         549 -0.68359938139981258        1.5862404377567494E-005   4.7914144689129189E-007
         274 -0.68359895179925423        2.1439515266913446E-005   9.1752655128235141E-007
         137 -0.68359895179925378        2.8061720914151422E-005   1.7014917553772130E-006
          68 -0.68359788841622615        3.5564084538699297E-005   3.0722689717688552E-006
          34 -0.68359788841622593        4.3751097368203589E-005   5.3853878070341401E-006
          17 -0.68359788841622604        5.1145674989436590E-005   9.0413634033484531E-006
           8 -0.68361128681171746        6.1406246572482960E-005   1.6411509720142348E-005
           4 -0.68361128681171734        7.0562638447665008E-005   2.8807076516878896E-005
           2 -0.68361128681171746        1.7237786961084353E-005   1.2188956052831794E-005
