# No.Blocks      Mean       Error        Error_in_Error
        2196 -0.68353429776867014        4.4013184628334821E-006   6.6427901572703780E-008
        1098 -0.68353429776867169        5.7492931987209651E-006   1.2274283371829665E-007
         549 -0.68353429776867103        6.7447265283183655E-006   2.0373191546136341E-007
         274 -0.68353406218065649        7.0012158482736821E-006   2.9962437826024138E-007
         137 -0.68353406218065693        6.6847080002704093E-006   4.0531995825773978E-007
          68 -0.68353454016544102        6.6619909617805396E-006   5.7550836433906061E-007
          34 -0.68353454016544124        6.6255608753340251E-006   8.1555016671919803E-007
          17 -0.68353454016544124        6.9046044800875782E-006   1.2205731623202357E-006
           8 -0.68353351181640631        7.0271960818860311E-006   1.8780971520069835E-006
           4 -0.68353351181640631        5.3686835502514754E-006   2.1917558814316279E-006
           2 -0.68353351181640631        8.8754843013192871E-006   6.2759151357776142E-006
