# No.Blocks      Mean       Error        Error_in_Error
        2196   10062.805208129597        7.5899696297915903E-002   1.1455334572245924E-003
        1098   10062.805208129588       0.10637000851707626        2.2709150180286282E-003
         549   10062.805208129601       0.14790845839376110        4.4677383753039170E-003
         274   10062.803683261502       0.20403986260001200        8.7321000090160132E-003
         137   10062.803683261496       0.27760134422231630        1.6832053882971425E-002
          68   10062.786421791316       0.35999367089074102        3.1098716569163874E-002
          34   10062.786421791316       0.46689324898089168        5.7470586145242780E-002
          17   10062.786421791316       0.56971272081293245       0.10071193205376570     
           8   10062.772789463526       0.76569352851157568       0.20464020335431005     
           4   10062.772789463525       0.95658188944136857       0.39052292105313074     
           2   10062.772789463525       0.27773729278973880       0.19638992312001791     
