# of blocks mean (X_1)     std.err. (X_1)  std.err.err. (X_1)  
# from 50000 to 0
2049        -0.683218418204 4.36559958e-06  6.82124935e-08       
1024        -0.683218456885 5.68329277e-06  1.25645580e-07       
512         -0.683218456885 6.58817502e-06  2.06081819e-07       
256         -0.683218456885 6.73072463e-06  2.98041496e-07       
128         -0.683218456885 6.82385578e-06  4.28166792e-07       
64          -0.683218456885 6.46909694e-06  5.76312961e-07       
32          -0.683218456885 7.11947978e-06  9.04174836e-07       
16          -0.683218456885 6.30049796e-06  1.15030829e-06       
8           -0.683218456885 7.08134033e-06  1.89256781e-06       
4           -0.683218456885 8.65714146e-06  3.53426320e-06       
2           -0.683218456885 3.26333008e-06  2.30752283e-06       
