# of blocks mean (X_5)     std.err. (X_5)  std.err.err. (X_5)  mean (X_6)     std.err. (X_6)  std.err.err. (X_6)  cov(X_5,X_6)   mean (X_5/X_6)   std.err. (X_5/X_6) 
# from 50000 to 0
2049        -64710659.6160 1.06918434e+02  1.67060053e+00       280497.049556  4.63454398e-01  7.24147498e-03       -1.01532e+05   -230.699965359445 6.048003505306e-08 
1024        -64710658.1830 1.47677832e+02  3.26484444e+00       280497.043344  6.40132252e-01  1.41519698e-02       -9.68021e+04   -230.699965359496 8.425974809817e-08 
512         -64710658.1830 1.98824064e+02  6.21932853e+00       280497.043344  8.61833437e-01  2.69586346e-02       -8.77329e+04   -230.699965359496 1.158961745691e-07 
256         -64710658.1830 2.60933655e+02  1.15543365e+01       280497.043344  1.13105506e+00  5.00839601e-02       -7.55534e+04   -230.699965359496 1.546179211532e-07 
128         -64710658.1830 3.35896689e+02  2.10760327e+01       280497.043344  1.45599319e+00  9.13571382e-02       -6.26001e+04   -230.699965359496 2.015407120850e-07 
64          -64710658.1830 4.19990933e+02  3.74157661e+01       280497.043344  1.82049576e+00  1.62182653e-01       -4.89339e+04   -230.699965359496 2.506117621152e-07 
32          -64710658.1830 5.16816747e+02  6.56357925e+01       280497.043344  2.24018409e+00  2.84503664e-01       -3.70485e+04   -230.699965359496 2.529208886507e-07 
16          -64710658.1830 5.60050273e+02  1.02250723e+02       280497.043344  2.42749317e+00  4.43197588e-01       -2.17523e+04   -230.699965359496 2.473956564539e-07 
8           -64710658.1830 6.12100829e+02  1.63590828e+02       280497.043344  2.65300726e+00  7.09046015e-01       -1.29913e+04   -230.699965359496 2.896666771951e-07 
4           -64710658.1830 7.11148913e+02  2.90325328e+02       280497.043344  3.08211941e+00  1.25826998e+00       -8.76738e+03   -230.699965359496 4.218748031782e-07 
2           -64710658.1830 6.29730017e+02  4.45286366e+02       280497.043344  2.72906548e+00  1.92974071e+00       -3.43715e+03   -230.699965359496 4.802357094615e-07 
