# No.Blocks      Mean       Error        Error_in_Error
        2220   10064.855456511201        7.4701036964142445E-002   1.1213288127644703E-003
        1110   10064.855456511208       0.10466818338574105        2.2224598080525506E-003
         555   10064.855456511217       0.14532675084329799        4.3659190966354880E-003
         277   10064.853348488132       0.19851701098405342        8.4494451033440849E-003
         138   10064.842856438268       0.26997845725210445        1.6309995074919304E-002
          69   10064.842856438270       0.35231356821141691        3.0210639237383388E-002
          34   10064.811144110430       0.45356639426610795        5.5830163728335096E-002
          17   10064.811144110432       0.52359968849538840        9.2560222590563263E-002
           8   10064.764200423731       0.68308612775399102       0.18256244683668063     
           4   10064.764200423730       0.25927004181203533       0.10584655133825772     
           2   10064.764200423730       0.20325600349375170       0.14372369838730842     
