# No.Blocks      Mean       Error        Error_in_Error
        1964 -0.68351834526476674        4.4683625761371279E-006   7.1313747365975694E-008
         982 -0.68351834526476585        5.7565480793177876E-006   1.2996087741414917E-007
         491 -0.68351834526476540        6.7417796728949694E-006   2.1535825197027783E-007
         245 -0.68351763581632607        7.0355881099534635E-006   3.1848610919125486E-007
         122 -0.68351752996926274        7.1857317932493607E-006   4.6191633443585397E-007
          61 -0.68351752996926229        6.1891454588293487E-006   5.6498909658024926E-007
          30 -0.68351675822916680        6.0015698792330187E-006   7.8804473240044358E-007
          15 -0.68351675822916669        6.2151479198010965E-006   1.1745525540910082E-006
           7 -0.68351234514508918        3.6094661610330613E-006   1.0419631298516416E-006
           3 -0.68351288040364577        1.4904028882106324E-006   7.4520144410531619E-007
