# Block_length   Mean       Error        Error_in_Error
        2220 -0.68349827166976862        8.0439795182335804E-006   1.2074726629848896E-007
        1110 -0.68349827166976984        1.1213619721281627E-005   2.3810310188997666E-007
         555 -0.68349827166977029        1.5431830763882361E-005   4.6360442407969855E-007
         277 -0.68349860957223796        2.0736318250173823E-005   8.8259631671761468E-007
         138 -0.68349932547370695        2.7459547560413436E-005   1.6588919354096518E-006
          69 -0.68349932547370684        3.3941073078543168E-005   2.9104230055943249E-006
          34 -0.68350385033617633        4.1713062580403769E-005   5.1345230663361122E-006
          17 -0.68350385033617644        4.5759797390054742E-005   8.0892657600575458E-006
           8 -0.68349694606667144        5.0879340293940120E-005   1.3598075674643292E-005
           4 -0.68349694606667133        3.3268904604417402E-005   1.3581973430358746E-005
           2 -0.68349694606667133        2.1449633637643691E-005   1.5167181399144926E-005
