# No.Blocks      Mean       Error        Error_in_Error
        2220  -14725.502424348519       0.22487194991500808        3.3755273938602163E-003
        1110  -14725.502424348504       0.31583641786054684        6.7062761758983642E-003
         555  -14725.502424348508       0.44121661305755133        1.3255068495805634E-002
         277  -14725.492060308854       0.60926438373982073        2.5932014280861337E-002
         138  -14725.461286245916       0.82993037838804873        5.0137927751009385E-002
          69  -14725.461286245922        1.0852533026178310        9.3059702960096496E-002
          34  -14725.317405542233        1.3934433818063929       0.17152102346183251     
          17  -14725.317405542233        1.5400761235246294       0.27224956762193908     
           8  -14725.397470089014        1.8071195342537687       0.48297301100886419     
           4  -14725.397470089014       0.81528942213049782       0.33284051281804655     
           2  -14725.397470089014       0.23501194808087938       0.16617854214785063     
