# of blocks mean (X_1)     std.err. (X_1)  std.err.err. (X_1)  
# from 50000 to 0
2049        -0.683526342460 4.45619799e-06  6.96280937e-08       
1024        -0.683526276855 5.81335229e-06  1.28520920e-07       
512         -0.683526276855 6.66148990e-06  2.08375150e-07       
256         -0.683526276855 7.18733834e-06  3.18260691e-07       
128         -0.683526276855 7.23273845e-06  4.53822373e-07       
64          -0.683526276855 6.93265995e-06  6.17610436e-07       
32          -0.683526276855 7.41787348e-06  9.42070874e-07       
16          -0.683526276855 7.90628817e-06  1.44348413e-06       
8           -0.683526276855 8.71173704e-06  2.32830966e-06       
4           -0.683526276855 6.96107791e-06  2.84184816e-06       
2           -0.683526276855 1.15891602e-05  8.19477373e-06       
