# of blocks mean (X_5)     std.err. (X_5)  std.err.err. (X_5)  mean (X_6)     std.err. (X_6)  std.err.err. (X_6)  cov(X_5,X_6)   mean (X_5/X_6)   std.err. (X_5/X_6) 
# from 50000 to 0
2049        -59577200.5592 1.03933404e+02  1.62395944e+00       258245.031395  4.50515322e-01  7.03930191e-03       -9.59415e+04   -230.700278093619 4.105648651176e-09 
1024        -59577199.7112 1.43917381e+02  3.18170882e+00       258245.027720  6.23832151e-01  1.37916091e-02       -9.19350e+04   -230.700278093646 5.736553563693e-09 
512         -59577199.7112 1.94692942e+02  6.09010472e+00       258245.027720  8.43927033e-01  2.63985122e-02       -8.41250e+04   -230.700278093645 7.926720823764e-09 
256         -59577199.7112 2.59774943e+02  1.15030278e+01       258245.027720  1.12603563e+00  4.98616959e-02       -7.48841e+04   -230.700278093645 1.069130438049e-08 
128         -59577199.7112 3.39691611e+02  2.13141473e+01       258245.027720  1.47244789e+00  9.23895976e-02       -6.40228e+04   -230.700278093645 1.426141669907e-08 
64          -59577199.7112 4.07917756e+02  3.63402020e+01       258245.027720  1.76818591e+00  1.57522521e-01       -4.61616e+04   -230.700278093645 1.741353644509e-08 
32          -59577199.7112 5.21525760e+02  6.62338377e+01       258245.027720  2.26063871e+00  2.87101404e-01       -3.77274e+04   -230.700278093645 2.073220509698e-08 
16          -59577199.7112 6.16344435e+02  1.12528583e+02       258245.027720  2.67164365e+00  4.87773164e-01       -2.63464e+04   -230.700278093645 2.091149552769e-08 
8           -59577199.7112 7.41270367e+02  1.98112839e+02       258245.027720  3.21315745e+00  8.58752451e-01       -1.90545e+04   -230.700278093645 2.430078819033e-08 
4           -59577199.7112 2.38346162e+02  9.73044130e+01       258245.027720  1.03315462e+00  4.21783609e-01       -9.84994e+02   -230.700278093645 1.213954761290e-08 
2           -59577199.7112 1.69825900e+02  1.20085045e+02       258245.027720  7.36149319e-01  5.20536176e-01       -2.50034e+02   -230.700278093645 1.530767784736e-08 
