# of blocks mean (X_5)     std.err. (X_5)  std.err.err. (X_5)  mean (X_6)     std.err. (X_6)  std.err.err. (X_6)  cov(X_5,X_6)   mean (X_5/X_6)   std.err. (X_5/X_6) 
# from 50000 to 0
2049        -59962397.4167 1.06787051e+02  1.66854767e+00       259914.730771  4.62882689e-01  7.23254202e-03       -1.01282e+05   -230.700265578750 6.237121225421e-09 
1024        -59962396.9604 1.47570648e+02  3.26247482e+00       259914.728793  6.39664595e-01  1.41416309e-02       -9.66612e+04   -230.700265578685 8.565434530798e-09 
512         -59962396.9604 1.99499079e+02  6.24044339e+00       259914.728793  8.64755361e-01  2.70500340e-02       -8.83292e+04   -230.700265578685 1.144674036122e-08 
256         -59962396.9604 2.66186391e+02  1.17869315e+01       259914.728793  1.15382056e+00  5.10920334e-02       -7.86256e+04   -230.700265578685 1.424099829786e-08 
128         -59962396.9604 3.43905943e+02  2.15785781e+01       259914.728793  1.49070679e+00  9.35352629e-02       -6.56209e+04   -230.700265578685 1.617083147129e-08 
64          -59962396.9604 4.29105570e+02  3.82277625e+01       259914.728793  1.86001570e+00  1.65703369e-01       -5.10812e+04   -230.700265578685 1.731842918280e-08 
32          -59962396.9604 5.33943691e+02  6.78109165e+01       259914.728793  2.31445090e+00  2.93935558e-01       -3.95452e+04   -230.700265578685 1.680408469009e-08 
16          -59962396.9604 5.83697687e+02  1.06568130e+02       259914.728793  2.53011748e+00  4.61934139e-01       -2.36292e+04   -230.700265578685 1.373113575375e-08 
8           -59962396.9604 7.13070387e+02  1.90576077e+02       259914.728793  3.09089507e+00  8.26076454e-01       -1.76322e+04   -230.700265578685 1.222599311431e-08 
4           -59962396.9604 6.03317725e+02  2.46303430e+02       259914.728793  2.61516432e+00  1.06763636e+00       -6.31110e+03   -230.700265578685 1.273348511186e-08 
2           -59962396.9604 2.47406528e+02  1.74942834e+02       259914.728793  1.07243968e+00  7.58329370e-01       -5.30657e+02   -230.700265578685 2.151067229598e-08 
