# of blocks mean (X_1)     std.err. (X_1)  std.err.err. (X_1)  
# from 50000 to 0
2049        -0.683517811371 4.43967022e-06  6.93698472e-08       
1024        -0.683517741309 5.74892328e-06  1.27096531e-07       
512         -0.683517741309 6.66969175e-06  2.08631709e-07       
256         -0.683517741309 7.01599085e-06  3.10673296e-07       
128         -0.683517741309 7.22118479e-06  4.53097432e-07       
64          -0.683517741309 7.92623895e-06  7.06125489e-07       
32          -0.683517741309 8.33543706e-06  1.05860157e-06       
16          -0.683517741309 7.18822981e-06  1.31238520e-06       
8           -0.683517741309 8.40755309e-06  2.24701308e-06       
4           -0.683517741309 7.44137805e-06  3.03792987e-06       
2           -0.683517741309 2.23955078e-06  1.58360154e-06       
