# Block_length   Mean       Error        Error_in_Error
        1964 -0.68361128462718945        8.4059937408143021E-006   1.3415717811123468E-007
         982 -0.68361128462718856        1.1702815391253243E-005   2.6420489076212573E-007
         491 -0.68361128462718812        1.6074362634400538E-005   5.1347667922145998E-007
         245 -0.68361064277989403        2.1700686058929040E-005   9.8234390098981084E-007
         122 -0.68361104072024170        2.8523459102018051E-005   1.8335573958121924E-006
          61 -0.68361104072024181        3.4414279767849247E-005   3.1415795548574475E-006
          30 -0.68360945730540323        4.2792467409819772E-005   5.6189262488493649E-006
          15 -0.68360945730540279        4.8886974925150016E-005   9.2387698572998156E-006
           7 -0.68360401822420291        6.2847135250335972E-005   1.8142405227289146E-005
           3 -0.68364616928176036        1.0034789118668695E-004   5.0173945593343477E-005
