# No.Blocks      Mean       Error        Error_in_Error
        1964  -14723.948332932765       0.22730355800189433        3.6276976710219937E-003
         982  -14723.948332932807       0.31891976669014571        7.1999907119127205E-003
         491  -14723.948332932792       0.44455610750727037        1.4200823945699444E-002
         245  -14723.957341045816       0.61276160010635539        2.7738414305918144E-002
         122  -14723.927980212096       0.83031161161984657        5.3374451915847679E-002
          61  -14723.927980212095        1.0529493830978947        9.6120688172310967E-002
          30  -14723.817812165102        1.3198135373877649       0.17330000763435946     
          15  -14723.817812165105        1.5151351111195024       0.28633362190602979     
           7  -14723.868433906919        1.7788543331435624       0.51351101404478405     
           3  -14722.950460001955        2.7784640302876205        1.3892320151438102     
