# No.Blocks      Mean       Error        Error_in_Error
        1964 -0.68352763691445906        4.5033055007149574E-006   7.1871426124830110E-008
         982 -0.68352763691446006        5.8698132018403363E-006   1.3251797144005296E-007
         491 -0.68352763691446050        6.9948693593876862E-006   2.2344290544744674E-007
         245 -0.68352779244897932        7.2427128822344164E-006   3.2786220708242624E-007
         122 -0.68352809451844232        7.4594566892176098E-006   4.7951203717392039E-007
          61 -0.68352809451844276        7.7352538947377785E-006   7.0612884102959545E-007
          30 -0.68352828494791673        8.9317486139779618E-006   1.1727960497012173E-006
          15 -0.68352828494791684        9.8490894389200644E-006   1.8613029497010837E-006
           7 -0.68352499827008917        9.8912666292290991E-006   2.8553627255058917E-006
           3 -0.68352460195312492        1.6234647898913425E-005   8.1173239494567123E-006
