# No.Blocks      Mean       Error        Error_in_Error
        1964   10065.457234660533        8.2687092387401531E-002   1.3196615799338130E-003
         982   10065.457234660547       0.11595233962009399        2.6177611283039427E-003
         491   10065.457234660531       0.16113905197422396        5.1473982006319495E-003
         245   10065.453942176069       0.22179723333137180        1.0040288994911151E-002
         122   10065.439730042677       0.30207628921503954        1.9418199321783930E-002
          61   10065.439730042677       0.39825545897132791        3.6355583088028248E-002
          30   10065.341104037814       0.48628859844043842        6.3852821201568002E-002
          15   10065.341104037811       0.55094491607961493       0.10411880243157229     
           7   10065.295625223271       0.65606139581407241       0.18938861173908816     
           3   10065.288682505468        1.1715851555842940       0.58579257779214700     
