# of blocks mean (X_5)     std.err. (X_5)  std.err.err. (X_5)  mean (X_6)     std.err. (X_6)  std.err.err. (X_6)  cov(X_5,X_6)   mean (X_5/X_6)   std.err. (X_5/X_6) 
# from 50000 to 0
2049        -59572409.2937 1.03087180e+02  1.61073719e+00       258224.262272  4.46846374e-01  6.98197460e-03       -9.43854e+04   -230.700278779661 2.255781981863e-09 
1024        -59572410.7766 1.42069420e+02  3.14085432e+00       258224.268699  6.15820659e-01  1.36144919e-02       -8.95890e+04   -230.700278779614 3.153383148934e-09 
512         -59572410.7766 1.91437475e+02  5.98827188e+00       258224.268699  8.29813941e-01  2.59570467e-02       -8.13350e+04   -230.700278779614 4.356977410560e-09 
256         -59572410.7766 2.52059659e+02  1.11613893e+01       258224.268699  1.09259018e+00  4.83807065e-02       -7.05019e+04   -230.700278779614 5.904731760340e-09 
128         -59572410.7766 3.24393240e+02  2.03542422e+01       258224.268699  1.40613138e+00  8.82285300e-02       -5.83859e+04   -230.700278779614 7.756362117706e-09 
64          -59572410.7766 4.22831779e+02  3.76688488e+01       258224.268699  1.83282826e+00  1.63281319e-01       -4.95986e+04   -230.700278779613 9.777754903190e-09 
32          -59572410.7766 4.92901515e+02  6.25985551e+01       258224.268699  2.13655649e+00  2.71342946e-01       -3.36996e+04   -230.700278779614 1.137019510702e-08 
16          -59572410.7766 4.93544590e+02  9.01085016e+01       258224.268699  2.13934332e+00  3.90588864e-01       -1.68938e+04   -230.700278779614 1.083113531732e-08 
8           -59572410.7766 6.35679464e+02  1.69892483e+02       258224.268699  2.75544915e+00  7.36424763e-01       -1.40127e+04   -230.700278779614 1.455288323226e-08 
4           -59572410.7766 3.35254415e+02  1.36867042e+02       258224.268699  1.45320587e+00  5.93268810e-01       -1.94877e+03   -230.700278779614 4.486527238379e-09 
2           -59572410.7766 2.13501260e+02  1.50968189e+02       258224.268699  9.25455686e-01  6.54395991e-01       -3.95172e+02   -230.700278779614 6.291423138467e-09 
