# of blocks mean (X_1)     std.err. (X_1)  std.err.err. (X_1)  
# from 50000 to 0
2049        -0.683531010200 4.50912986e-06  7.04551540e-08       
1024        -0.683531011182 5.81119457e-06  1.28473218e-07       
512         -0.683531011182 6.80445411e-06  2.12847151e-07       
256         -0.683531011182 6.67923672e-06  2.95761573e-07       
128         -0.683531011182 6.45138623e-06  4.04795974e-07       
64          -0.683531011182 6.51374159e-06  5.80290222e-07       
32          -0.683531011182 5.64951227e-06  7.17488776e-07       
16          -0.683531011182 6.75357594e-06  1.23302863e-06       
8           -0.683531011182 9.16372961e-06  2.44910975e-06       
4           -0.683531011182 7.60325429e-06  3.10401557e-06       
2           -0.683531011182 7.61811523e-06  5.38682094e-06       
