# No.Blocks      Mean       Error        Error_in_Error
        2257   870.32461989919136        4.9993726536711178E-002   7.4427077289367311E-004
        1128   870.32449481769061        6.9988444131798042E-002   1.4741761587185763E-003
         564   870.32449481769049        9.7112367050338877E-002   2.8940454323632112E-003
         282   870.32449481768958       0.13256058776930571        5.5917309038725650E-003
         141   870.32449481769015       0.17776799124084050        1.0623669447747923E-002
          70   870.31621185870586       0.22599053283833459        1.9237591696828177E-002
          35   870.31621185870586       0.26150319389178012        3.1711920289770129E-002
          17   870.36437718734226       0.25809318395089237        4.5624860137425748E-002
           8   870.39826376478095       0.29284458474417457        7.8266007406056312E-002
           4   870.39826376478072       0.22822120660643003        9.3170917444675150E-002
           2   870.39826376478072       0.13720312743079044        9.7017261806313926E-002
