# No.Blocks      Mean       Error        Error_in_Error
        2257  -723.86866338177788        7.7546703429149391E-002   1.1544597471482324E-003
        1128  -723.86966916833160       0.10797893924034294        2.2743751464467062E-003
         564  -723.86966916833182       0.14824372086239260        4.4178107924806994E-003
         282  -723.86966916833251       0.19937803638005194        8.4102548603659094E-003
         141  -723.86966916833205       0.25902655751306503        1.5479797605850802E-002
          70  -723.85443612804613       0.32925131746477448        2.8027733425281132E-002
          35  -723.85443612804647       0.37399226952148962        4.5353224423575596E-002
          17  -723.94192340003497       0.35730133697574401        6.3162549575642074E-002
           8  -723.84507495603896       0.47152323443777600       0.12601988522640326     
           4  -723.84507495603907       0.52196510349757808       0.21309136118467958     
           2  -723.84507495603907       0.74068392524853899       0.52374262625911172     
