# Block_length   Mean       Error        Error_in_Error
        2257  -1.2023239351641481        1.0550056133187446E-004   1.5706167505943245E-006
        1128  -1.2023220917898438        1.4509742014036619E-004   3.0562067797892227E-006
         564  -1.2023220917898432        1.9487549104957978E-004   5.8074840710991217E-006
         282  -1.2023220917898407        2.5196102860320518E-004   1.0628334514206876E-005
         141  -1.2023220917898423        3.1150627483108738E-004   1.8616060583264899E-005
          70  -1.2023359510153659        3.8424166032361985E-004   3.2708822274006615E-005
          35  -1.2023359510153655        4.2065329023764251E-004   5.1011704335688307E-005
          17  -1.2022571825922523        4.8015600945266660E-004   8.4880392577863135E-005
           8  -1.2024648559191240        6.4163499591530766E-004   1.7148416586279847E-004
           4  -1.2024648559191236        7.6735026428338790E-004   3.1326943358068663E-004
           2  -1.2024648559191236        1.1474663633857048E-003   8.1138124673349888E-004
