# No.Blocks      Mean       Error        Error_in_Error
        2257  -1.1772856171909603        1.2726845343523471E-005   1.8946815283647358E-007
        1128  -1.1772856405141841        1.6565858433048205E-005   3.4892893896481801E-007
         564  -1.1772856405141834        1.9684055074082850E-005   5.8660448105447118E-007
         282  -1.1772856405141841        2.0990123361482942E-005   8.8541491442963292E-007
         141  -1.1772856405141845        2.2617524616047344E-005   1.3516556246712341E-006
          70  -1.1772850843749996        2.4281081851402141E-005   2.0669429499893801E-006
          35  -1.1772850843750000        2.3503942105822766E-005   2.8502716447267544E-006
          17  -1.1772871608455882        2.5606487117731854E-005   4.5266301708285413E-006
           8  -1.1772831782226560        2.1960996321796695E-005   5.8693231505975684E-006
           4  -1.1772831782226563        2.0977029600527554E-005   8.5638364734252263E-006
           2  -1.1772831782226563        3.4226069050298086E-005   2.4201485518824795E-005
