# No.Blocks      Mean       Error        Error_in_Error
        1964 -0.68351758594704537        4.5533870559099036E-006   7.2670712958432381E-008
         982 -0.68351758594704726        5.9067105803776297E-006   1.3335097337505234E-007
         491 -0.68351758594704703        6.8870704074435475E-006   2.1999939424101349E-007
         245 -0.68351722596938802        6.6887289655347589E-006   3.0278453348544628E-007
         122 -0.68351695660860701        6.8656891137015499E-006   4.4134321180154760E-007
          61 -0.68351695660860656        7.6536358561449904E-006   6.9867816755682927E-007
          30 -0.68351897526041661        7.9522268346679206E-006   1.0441785389516074E-006
          15 -0.68351897526041661        7.4615345543627048E-006   1.4100974878399193E-006
           7 -0.68351796919642849        9.9141597891384217E-006   2.8619714115240157E-006
           3 -0.68352221406250002        1.3082962503794788E-005   6.5414812518973940E-006
