# Block_length   Mean       Error        Error_in_Error
        1964 -0.68356130592351416        8.0365832784067960E-006   1.2826149620503371E-007
         982 -0.68356130592351372        1.1182266463272619E-005   2.5245288339847425E-007
         491 -0.68356130592351572        1.5261381019423581E-005   4.8750693414223086E-007
         245 -0.68356237332417258        2.0388488911223683E-005   9.2294352712862620E-007
         122 -0.68356362731613673        2.5797744843156615E-005   1.6583418470833027E-006
          61 -0.68356362731613618        3.2866195747815038E-005   3.0002594650764448E-006
          30 -0.68355950273564148        3.9027966596316338E-005   5.1246230755307059E-006
          15 -0.68355950273564159        4.6722431123555791E-005   8.8297095286623401E-006
           7 -0.68355738456987580        4.8981746515086432E-005   1.4139812267931584E-005
           3 -0.68355452696892394        5.9489910556889274E-005   2.9744955278444637E-005
