# No.Blocks      Mean       Error        Error_in_Error
        1964  -10070.546962236451        7.5744145343033864E-002   1.2088541951120067E-003
         982  -10070.546962236445       0.10606739862464781        2.3945969008442943E-003
         491  -10070.546962236467       0.14707820334439031        4.6982408669513373E-003
         245  -10070.551794523366       0.20146506224027994        9.1198948557130871E-003
         122  -10070.559972474439       0.27086451779174170        1.7411830664851347E-002
          61  -10070.559972474432       0.35597573285704381        3.2495989801705968E-002
          30  -10070.532144104478       0.45379111374038222        5.9585692408690216E-002
          15  -10070.532144104478       0.50723886425856601        9.5859135009643923E-002
           7  -10070.572926495926       0.46773163167242926       0.13502249172728997     
           3  -10070.821569275651       0.34909709743129996       0.17454854871564998     
