# No.Blocks      Mean       Error        Error_in_Error
        1964   14732.470774703675       0.20746118714316725        3.3110192908658896E-003
         982   14732.470774703677       0.29082632883468701        6.5657481444975664E-003
         491   14732.470774703666       0.40310473867413649        1.2876708538966537E-002
         245   14732.454838832255       0.55362581387284826        2.5061463043687410E-002
         122   14732.439775963932       0.73339392344120358        4.7144346958752976E-002
          61   14732.439775963934       0.96339227496297486        8.7945280120573469E-002
          30   14732.487960158074        1.2054762285827343       0.15828678347239036     
          15   14732.487960158071        1.3460862238842506       0.25438638511769568     
           7   14732.593274276118        1.4258398054668950       0.41160449775379776     
           3   14733.018613646744        1.5609041797308532       0.78045208986542658     
