TERM-2
  1 2.6998944298410898
  2 2.7145775280878497
  3 2.7100759443938989
  4 2.6998944298410898
  5 2.7100759443938989
  6 2.7100759443938989
  7 2.7145775280878497
  8 2.7100759443938989
  9 2.7145775280878497
  10 2.7145775280878497
TERM-02
  1 2 -3.0139472970525119
  1 3 -2.6094430750952471
  1 4 -5.9427160906390730
  1 5 -3.0234027840572617
  1 6 -2.6094430750952471
  1 7 -2.8609762155126348
  1 8 -3.0234027840572617
  1 9 -2.8609762155126348
  1 10 -3.0139472970525119
  2 1 -3.0142252260370896
  2 3 0.88797396635271753E-002
  2 4 -2.8580338975042543
  2 5 0.77312025827968756
  2 6 0.45400396144441379
  2 7 1.0036615562286071
  2 8 0.84615999601343972E-001
  3 1 -2.6010950643282569
  3 2 0.81999364595886828E-002
  3 4 -3.0217410727847787
  3 5 -0.12804779751537964E-001
  3 6 0.26980140554055926
  3 7 0.82780073592721992E-001
  3 8 0.10627063403124117
  3 9 0.77031368036778203
  3 10 0.45341426527018153
  4 1 -5.9427160906390730
  4 2 -2.8609762155126348
  4 3 -3.0234027840572617
  4 5 -2.6094430750952471
  4 6 -3.0234027840572617
  4 7 -3.0139472970525119
  4 8 -2.6094430750952471
  4 9 -3.0139472970525119
  4 10 -2.8609762155126348
  5 1 -3.0217410727847787
  5 2 0.77031368036778203
  5 3 -0.12804779751537964E-001
  5 4 -2.6010950643282569
  5 6 0.10627063403124117
  5 7 0.45341426527018153
  5 8 0.26980140554055926
  5 9 0.81999364595886828E-002
  5 10 0.82320773815735077E-001
  6 1 -2.6010950643282569
  6 2 0.45341426527018153
  6 3 0.26980140554055926
  6 4 -3.0217410727847787
  6 5 0.10627063403124117
  6 7 0.77031368036778203
  6 8 -0.12804779751537964E-001
  6 9 0.82320773815735077E-001
  6 10 0.81999364595886828E-002
  7 1 -2.8580338975042543
  7 2 1.0036615562286071
  7 3 0.84153382023352943E-001
  7 4 -3.0142252260370896
  7 5 0.45400396144441379
  7 6 0.77312025827968756
  7 8 0.88797396635271753E-002
  8 1 -3.0217410727847787
  8 2 0.82320773815735077E-001
  8 3 0.10627063403124117
  8 4 -2.6010950643282569
  8 5 0.26980140554055926
  8 6 -0.12804779751537964E-001
  8 7 0.81999364595886828E-002
  8 9 0.45341426527018153
  8 10 0.77031368036778203
  9 1 -2.8580338975042543
  9 3 0.77312025827968756
  9 4 -3.0142252260370896
  9 5 0.88797396635271753E-002
  9 6 0.84615999601343972E-001
  9 8 0.45400396144441379
  9 10 1.0036615562286071
  10 1 -3.0142252260370896
  10 3 0.45400396144441379
  10 4 -2.8580338975042543
  10 5 0.84615999601343972E-001
  10 6 0.88797396635271753E-002
  10 8 0.77312025827968756
  10 9 1.0036615562286071
TERM-uu
  1 2 15.934186793441235
  1 3 16.042594138690355
  1 4 31.848307010686007
  1 5 16.187109919115919
  1 6 16.042594138690355
  1 7 15.848079057432042
  1 8 16.187109919115919
  1 9 15.848079057432042
  1 10 15.934186793441235
  2 1 15.934186793441235
  2 3 0.25636410949634469
  2 4 15.848079057432042
  2 5 0.18971502818340164E-001
  2 6 0.32526846406333028E-001
  2 7 -0.36452272505991895
  2 8 0.21532985910371774
  3 1 16.042594138690355
  3 2 0.25636410949634469
  3 4 16.187109919115919
  3 5 0.52293566075950293
  3 6 0.37054710752051645
  3 7 0.21578076456003717
  3 8 0.44533567501052690
  3 9 0.18971502818340164E-001
  3 10 0.32526846406333028E-001
  4 1 31.848307010686007
  4 2 15.848079057432042
  4 3 16.187109919115919
  4 5 16.042594138690355
  4 6 16.187109919115919
  4 7 15.934186793441235
  4 8 16.042594138690355
  4 9 15.934186793441235
  4 10 15.848079057432042
  5 1 16.187109919115919
  5 2 0.18971502818340164E-001
  5 3 0.52293566075950293
  5 4 16.042594138690355
  5 6 0.44533567501052690
  5 7 0.32526846406333028E-001
  5 8 0.37054710752051645
  5 9 0.25636410949634469
  5 10 0.21532985910371774
  6 1 16.042594138690355
  6 2 0.32526846406333028E-001
  6 3 0.37054710752051645
  6 4 16.187109919115919
  6 5 0.44533567501052690
  6 7 0.18971502818340164E-001
  6 8 0.52293566075950293
  6 9 0.21532985910371774
  6 10 0.25636410949634469
  7 1 15.848079057432042
  7 2 -0.36452272505991895
  7 3 0.21578076456003717
  7 4 15.934186793441235
  7 5 0.32526846406333028E-001
  7 6 0.18971502818340164E-001
  7 8 0.25636410949634469
  8 1 16.187109919115919
  8 2 0.21532985910371774
  8 3 0.44533567501052690
  8 4 16.042594138690355
  8 5 0.37054710752051645
  8 6 0.52293566075950293
  8 7 0.25636410949634469
  8 9 0.32526846406333028E-001
  8 10 0.18971502818340164E-001
  9 1 15.848079057432042
  9 3 0.18971502818340164E-001
  9 4 15.934186793441235
  9 5 0.25636410949634469
  9 6 0.21532985910371774
  9 8 0.32526846406333028E-001
  9 10 -0.36452272505991895
  10 1 15.934186793441235
  10 3 0.32526846406333028E-001
  10 4 15.848079057432042
  10 5 0.21532985910371774
  10 6 0.25636410949634469
  10 8 0.18971502818340164E-001
  10 9 -0.36452272505991895
TERM-ud
  1 2 -12.918226281763260
  1 3 -13.350021330550510
  1 4 -25.859295916082406
  1 5 -13.178553618653742
  1 6 -13.350021330550510
  1 7 -13.032096011816815
  1 8 -13.178553618653742
  1 9 -13.032096011816815
  1 10 -12.918226281763260
  2 1 -12.918226281763260
  2 3 -0.26579368901734951
  2 4 -13.032096011816815
  2 5 -0.61902507071592572
  2 6 -0.54011577716991566
  2 7 -0.47431842729412665
  2 8 -0.29309204261379740
  3 1 -13.350021330550510
  3 2 -0.26579368901734951
  3 4 -13.178553618653742
  3 5 -0.50714712560621356
  3 6 -0.65859074963824160
  3 7 -0.29323736924880883
  3 8 -0.56487224476025799
  3 9 -0.61902507071592572
  3 10 -0.54011577716991566
  4 1 -25.859295916082406
  4 2 -13.032096011816815
  4 3 -13.178553618653742
  4 5 -13.350021330550510
  4 6 -13.178553618653742
  4 7 -12.918226281763260
  4 8 -13.350021330550510
  4 9 -12.918226281763260
  4 10 -13.032096011816815
  5 1 -13.178553618653742
  5 2 -0.61902507071592572
  5 3 -0.50714712560621356
  5 4 -13.350021330550510
  5 6 -0.56487224476025799
  5 7 -0.54011577716991566
  5 8 -0.65859074963824160
  5 9 -0.26579368901734951
  5 10 -0.29309204261379740
  6 1 -13.350021330550510
  6 2 -0.54011577716991566
  6 3 -0.65859074963824160
  6 4 -13.178553618653742
  6 5 -0.56487224476025799
  6 7 -0.61902507071592572
  6 8 -0.50714712560621356
  6 9 -0.29309204261379740
  6 10 -0.26579368901734951
  7 1 -13.032096011816815
  7 2 -0.47431842729412665
  7 3 -0.29323736924880883
  7 4 -12.918226281763260
  7 5 -0.54011577716991566
  7 6 -0.61902507071592572
  7 8 -0.26579368901734951
  8 1 -13.178553618653742
  8 2 -0.29309204261379740
  8 3 -0.56487224476025799
  8 4 -13.350021330550510
  8 5 -0.65859074963824160
  8 6 -0.50714712560621356
  8 7 -0.26579368901734951
  8 9 -0.54011577716991566
  8 10 -0.61902507071592572
  9 1 -13.032096011816815
  9 3 -0.61902507071592572
  9 4 -12.918226281763260
  9 5 -0.26579368901734951
  9 6 -0.29309204261379740
  9 8 -0.54011577716991566
  9 10 -0.47431842729412665
  10 1 -12.918226281763260
  10 3 -0.54011577716991566
  10 4 -13.032096011816815
  10 5 -0.29309204261379740
  10 6 -0.26579368901734951
  10 8 -0.61902507071592572
  10 9 -0.47431842729412665
TERM-du
  1 2 -12.918226281763260
  1 3 -13.350021330550510
  1 4 -25.859295916082406
  1 5 -13.178553618653742
  1 6 -13.350021330550510
  1 7 -13.032096011816815
  1 8 -13.178553618653742
  1 9 -13.032096011816815
  1 10 -12.918226281763260
  2 1 -12.918226281763260
  2 3 -0.26579368901734951
  2 4 -13.032096011816815
  2 5 -0.61902507071592572
  2 6 -0.54011577716991566
  2 7 -0.47431842729412665
  2 8 -0.29309204261379740
  3 1 -13.350021330550510
  3 2 -0.26579368901734951
  3 4 -13.178553618653742
  3 5 -0.50714712560621356
  3 6 -0.65859074963824160
  3 7 -0.29323736924880883
  3 8 -0.56487224476025799
  3 9 -0.61902507071592572
  3 10 -0.54011577716991566
  4 1 -25.859295916082406
  4 2 -13.032096011816815
  4 3 -13.178553618653742
  4 5 -13.350021330550510
  4 6 -13.178553618653742
  4 7 -12.918226281763260
  4 8 -13.350021330550510
  4 9 -12.918226281763260
  4 10 -13.032096011816815
  5 1 -13.178553618653742
  5 2 -0.61902507071592572
  5 3 -0.50714712560621356
  5 4 -13.350021330550510
  5 6 -0.56487224476025799
  5 7 -0.54011577716991566
  5 8 -0.65859074963824160
  5 9 -0.26579368901734951
  5 10 -0.29309204261379740
  6 1 -13.350021330550510
  6 2 -0.54011577716991566
  6 3 -0.65859074963824160
  6 4 -13.178553618653742
  6 5 -0.56487224476025799
  6 7 -0.61902507071592572
  6 8 -0.50714712560621356
  6 9 -0.29309204261379740
  6 10 -0.26579368901734951
  7 1 -13.032096011816815
  7 2 -0.47431842729412665
  7 3 -0.29323736924880883
  7 4 -12.918226281763260
  7 5 -0.54011577716991566
  7 6 -0.61902507071592572
  7 8 -0.26579368901734951
  8 1 -13.178553618653742
  8 2 -0.29309204261379740
  8 3 -0.56487224476025799
  8 4 -13.350021330550510
  8 5 -0.65859074963824160
  8 6 -0.50714712560621356
  8 7 -0.26579368901734951
  8 9 -0.54011577716991566
  8 10 -0.61902507071592572
  9 1 -13.032096011816815
  9 3 -0.61902507071592572
  9 4 -12.918226281763260
  9 5 -0.26579368901734951
  9 6 -0.29309204261379740
  9 8 -0.54011577716991566
  9 10 -0.47431842729412665
  10 1 -12.918226281763260
  10 3 -0.54011577716991566
  10 4 -13.032096011816815
  10 5 -0.29309204261379740
  10 6 -0.26579368901734951
  10 8 -0.61902507071592572
  10 9 -0.47431842729412665
TERM-dd
  1 2 15.934186793441235
  1 3 16.042594138690355
  1 4 31.848307010686007
  1 5 16.187109919115919
  1 6 16.042594138690355
  1 7 15.848079057432042
  1 8 16.187109919115919
  1 9 15.848079057432042
  1 10 15.934186793441235
  2 1 15.934186793441235
  2 3 0.25636410949634469
  2 4 15.848079057432042
  2 5 0.18971502818340164E-001
  2 6 0.32526846406333028E-001
  2 7 -0.36452272505991895
  2 8 0.21532985910371774
  3 1 16.042594138690355
  3 2 0.25636410949634469
  3 4 16.187109919115919
  3 5 0.52293566075950293
  3 6 0.37054710752051645
  3 7 0.21578076456003717
  3 8 0.44533567501052690
  3 9 0.18971502818340164E-001
  3 10 0.32526846406333028E-001
  4 1 31.848307010686007
  4 2 15.848079057432042
  4 3 16.187109919115919
  4 5 16.042594138690355
  4 6 16.187109919115919
  4 7 15.934186793441235
  4 8 16.042594138690355
  4 9 15.934186793441235
  4 10 15.848079057432042
  5 1 16.187109919115919
  5 2 0.18971502818340164E-001
  5 3 0.52293566075950293
  5 4 16.042594138690355
  5 6 0.44533567501052690
  5 7 0.32526846406333028E-001
  5 8 0.37054710752051645
  5 9 0.25636410949634469
  5 10 0.21532985910371774
  6 1 16.042594138690355
  6 2 0.32526846406333028E-001
  6 3 0.37054710752051645
  6 4 16.187109919115919
  6 5 0.44533567501052690
  6 7 0.18971502818340164E-001
  6 8 0.52293566075950293
  6 9 0.21532985910371774
  6 10 0.25636410949634469
  7 1 15.848079057432042
  7 2 -0.36452272505991895
  7 3 0.21578076456003717
  7 4 15.934186793441235
  7 5 0.32526846406333028E-001
  7 6 0.18971502818340164E-001
  7 8 0.25636410949634469
  8 1 16.187109919115919
  8 2 0.21532985910371774
  8 3 0.44533567501052690
  8 4 16.042594138690355
  8 5 0.37054710752051645
  8 6 0.52293566075950293
  8 7 0.25636410949634469
  8 9 0.32526846406333028E-001
  8 10 0.18971502818340164E-001
  9 1 15.848079057432042
  9 3 0.18971502818340164E-001
  9 4 15.934186793441235
  9 5 0.25636410949634469
  9 6 0.21532985910371774
  9 8 0.32526846406333028E-001
  9 10 -0.36452272505991895
  10 1 15.934186793441235
  10 3 0.32526846406333028E-001
  10 4 15.848079057432042
  10 5 0.21532985910371774
  10 6 0.25636410949634469
  10 8 0.18971502818340164E-001
  10 9 -0.36452272505991895
TERM-20
  1 2 -3.0142252260370896
  1 3 -2.6010950643282569
  1 4 -5.9427160906390730
  1 5 -3.0217410727847787
  1 6 -2.6010950643282569
  1 7 -2.8580338975042543
  1 8 -3.0217410727847787
  1 9 -2.8580338975042543
  1 10 -3.0142252260370896
  2 1 -3.0139472970525119
  2 3 0.81999364595886828E-002
  2 4 -2.8609762155126348
  2 5 0.77031368036778203
  2 6 0.45341426527018153
  2 7 1.0036615562286071
  2 8 0.82320773815735077E-001
  3 1 -2.6094430750952471
  3 2 0.88797396635271753E-002
  3 4 -3.0234027840572617
  3 5 -0.12804779751537964E-001
  3 6 0.26980140554055926
  3 7 0.84153382023352943E-001
  3 8 0.10627063403124117
  3 9 0.77312025827968756
  3 10 0.45400396144441379
  4 1 -5.9427160906390730
  4 2 -2.8580338975042543
  4 3 -3.0217410727847787
  4 5 -2.6010950643282569
  4 6 -3.0217410727847787
  4 7 -3.0142252260370896
  4 8 -2.6010950643282569
  4 9 -3.0142252260370896
  4 10 -2.8580338975042543
  5 1 -3.0234027840572617
  5 2 0.77312025827968756
  5 3 -0.12804779751537964E-001
  5 4 -2.6094430750952471
  5 6 0.10627063403124117
  5 7 0.45400396144441379
  5 8 0.26980140554055926
  5 9 0.88797396635271753E-002
  5 10 0.84615999601343972E-001
  6 1 -2.6094430750952471
  6 2 0.45400396144441379
  6 3 0.26980140554055926
  6 4 -3.0234027840572617
  6 5 0.10627063403124117
  6 7 0.77312025827968756
  6 8 -0.12804779751537964E-001
  6 9 0.84615999601343972E-001
  6 10 0.88797396635271753E-002
  7 1 -2.8609762155126348
  7 2 1.0036615562286071
  7 3 0.82780073592721992E-001
  7 4 -3.0139472970525119
  7 5 0.45341426527018153
  7 6 0.77031368036778203
  7 8 0.81999364595886828E-002
  8 1 -3.0234027840572617
  8 2 0.84615999601343972E-001
  8 3 0.10627063403124117
  8 4 -2.6094430750952471
  8 5 0.26980140554055926
  8 6 -0.12804779751537964E-001
  8 7 0.88797396635271753E-002
  8 9 0.45400396144441379
  8 10 0.77312025827968756
  9 1 -2.8609762155126348
  9 3 0.77031368036778203
  9 4 -3.0139472970525119
  9 5 0.81999364595886828E-002
  9 6 0.82320773815735077E-001
  9 8 0.45341426527018153
  9 10 1.0036615562286071
  10 1 -3.0139472970525119
  10 3 0.45341426527018153
  10 4 -2.8609762155126348
  10 5 0.82320773815735077E-001
  10 6 0.81999364595886828E-002
  10 8 0.77031368036778203
  10 9 1.0036615562286071
