# of blocks mean (X_1)     std.err. (X_1)  std.err.err. (X_1)  
# from 50000 to 0
2049        -1.18830730649 1.32374279e-05  2.06834811e-07       
1024        -1.18830787549 1.72847572e-05  3.82129414e-07       
512         -1.18830787549 2.03111648e-05  6.35344655e-07       
256         -1.18830787549 2.14927587e-05  9.51715353e-07       
128         -1.18830787549 2.16583283e-05  1.35896438e-06       
64          -1.18830787549 2.22558097e-05  1.98270511e-06       
32          -1.18830787549 2.42798635e-05  3.08354574e-06       
16          -1.18830787549 2.54014888e-05  4.63765613e-06       
8           -1.18830787549 2.60155582e-05  6.95295039e-06       
4           -1.18830787549 2.63900448e-05  1.07736907e-05       
2           -1.18830787549 3.78481445e-05  2.67626797e-05       
