# of blocks mean (X_5)     std.err. (X_5)  std.err.err. (X_5)  mean (X_6)     std.err. (X_6)  std.err.err. (X_6)  cov(X_5,X_6)   mean (X_5/X_6)   std.err. (X_5/X_6) 
# from 50000 to 0
2049        -36166006.1419 2.72408078e+02  4.25637621e+00       94342.2682594  7.10601050e-01  1.11031414e-02       -3.96632e+05   -383.348914639168 2.308395293469e-07 
1024        -36166010.2571 3.80985092e+02  8.42277438e+00       94342.2789931  9.93833909e-01  2.19715652e-02       -3.87723e+05   -383.348914644528 3.212679413478e-07 
512         -36166010.2571 5.25740518e+02  1.64454591e+01       94342.2789931  1.37144161e+00  4.28994647e-02       -3.69163e+05   -383.348914644528 4.404956446120e-07 
256         -36166010.2571 7.16099680e+02  3.17094268e+01       94342.2789931  1.86800991e+00  8.27168693e-02       -3.42446e+05   -383.348914644527 5.908891844735e-07 
128         -36166010.2571 9.62542880e+02  6.03953118e+01       94342.2789931  2.51087549e+00  1.57546340e-01       -3.09354e+05   -383.348914644527 7.564689147816e-07 
64          -36166010.2571 1.24188806e+03  1.10636182e+02       94342.2789931  3.23956561e+00  2.88603443e-01       -2.57483e+05   -383.348914644528 9.389744156057e-07 
32          -36166010.2571 1.45717033e+03  1.85060817e+02       94342.2789931  3.80115488e+00  4.82747152e-01       -1.77246e+05   -383.348914644528 1.001270665107e-06 
16          -36166010.2571 1.31139727e+03  2.39427290e+02       94342.2789931  3.42093906e+00  6.24575163e-01       -7.17794e+04   -383.348914644528 9.742357841550e-07 
8           -36166010.2571 9.88095105e+02  2.64079525e+02       94342.2789931  2.57749012e+00  6.88863209e-01       -2.03744e+04   -383.348914644528 9.154277516542e-07 
4           -36166010.2571 1.15149547e+03  4.70096056e+02       94342.2789931  3.00357074e+00  1.22620262e+00       -1.38344e+04   -383.348914644528 1.065175668234e-06 
2           -36166010.2571 9.20500827e+02  6.50892377e+02       94342.2789931  2.40128374e+00  1.69796401e+00       -4.42077e+03   -383.348914644527 3.040733960285e-07 
