# of blocks mean (X_1)     std.err. (X_1)  std.err.err. (X_1)  
# from 50000 to 0
2049        -1.18896369937 1.30270366e-05  2.03547446e-07       
1024        -1.18896307227 1.68409726e-05  3.72318276e-07       
512         -1.18896307227 1.98397712e-05  6.20599200e-07       
256         -1.18896307227 2.04885607e-05  9.07248715e-07       
128         -1.18896307227 2.07549214e-05  1.30227959e-06       
64          -1.18896307227 2.23541275e-05  1.99146396e-06       
32          -1.18896307227 2.09952062e-05  2.66639386e-06       
16          -1.18896307227 1.95862720e-05  3.57594766e-06       
8           -1.18896307227 2.33242601e-05  6.23367072e-06       
4           -1.18896307227 2.46896106e-05  1.00794913e-05       
2           -1.18896307227 1.90927734e-05  1.35006296e-05       
