# of blocks mean (X_5)     std.err. (X_5)  std.err.err. (X_5)  mean (X_6)     std.err. (X_6)  std.err.err. (X_6)  cov(X_5,X_6)   mean (X_5/X_6)   std.err. (X_5/X_6) 
# from 50000 to 0
2049        -34879370.0600 2.43068680e+02  3.79794813e+00       90985.8054578  6.34061302e-01  9.90720784e-03       -3.15793e+05   -383.349577272111 1.724145408570e-07 
1024        -34879360.2892 3.38820209e+02  7.49059801e+00       90985.7799696  8.83835526e-01  1.95397337e-02       -3.06648e+05   -383.349577272708 2.407121080344e-07 
512         -34879360.2892 4.66439894e+02  1.45905022e+01       90985.7799696  1.21673974e+00  3.80603034e-02       -2.90578e+05   -383.349577272708 3.312510251180e-07 
256         -34879360.2892 6.33831866e+02  2.80665468e+01       90985.7799696  1.65339235e+00  7.32134440e-02       -2.68281e+05   -383.349577272708 4.439819071539e-07 
128         -34879360.2892 8.26475262e+02  5.18576701e+01       90985.7799696  2.15591344e+00  1.35274041e-01       -2.28072e+05   -383.349577272708 5.806896495815e-07 
64          -34879360.2892 1.04956032e+03  9.35022651e+01       90985.7799696  2.73785043e+00  2.43907102e-01       -1.83907e+05   -383.349577272708 7.076068151046e-07 
32          -34879360.2892 1.24302182e+03  1.57863929e+02       90985.7799696  3.24249870e+00  4.11797747e-01       -1.28976e+05   -383.349577272708 8.251166815776e-07 
16          -34879360.2892 1.24810376e+03  2.27871528e+02       90985.7799696  3.25572638e+00  5.94411594e-01       -6.50157e+04   -383.349577272708 7.482890432382e-07 
8           -34879360.2892 1.19029558e+03  3.18119876e+02       90985.7799696  3.10495942e+00  8.29835309e-01       -2.95666e+04   -383.349577272708 8.332198122329e-07 
4           -34879360.2892 1.36964467e+03  5.59155095e+02       90985.7799696  3.57294378e+00  1.45864819e+00       -1.95747e+04   -383.349577272708 7.784983366314e-07 
2           -34879360.2892 1.63128636e+03  1.15349365e+03       90985.7799696  4.25565340e+00  3.00920138e+00       -1.38844e+04   -383.349577272708 1.281189110867e-06 
