TERM-2
  1 2.9701331744136663
  2 2.9852228964182204
  3 2.9806559540944870
  4 2.9701331744136663
  5 2.9806559540944870
  6 2.9806559540944870
  7 2.9852228964182204
  8 2.9806559540944870
  9 2.9852228964182204
  10 2.9852228964182204
TERM-02
  1 2 1.2105328364738990
  1 3 -0.62207429183573515
  1 4 2.4799632496009543
  1 5 -0.95400110994878329
  1 6 -0.62207429183573515
  1 7 1.3035635683657618
  1 8 -0.95400110994878329
  1 9 1.3035635683657618
  1 10 1.2105328364738990
  2 1 1.2097959973248702
  2 3 -2.1441305008126093
  2 4 1.3076642818468514
  2 5 -1.4116846339654368
  2 6 -1.6843758434441574
  2 7 1.0267976444143974
  2 8 -2.0937170189919185
  3 1 -0.61230365249797525
  3 2 -2.1447070682768552
  3 4 -0.95242671371985321
  3 5 -4.2977679225103023
  3 6 -4.1108823711352098
  3 7 -2.0954237486342349
  3 8 -4.1626912715802442
  3 9 -1.4155649038864069
  3 10 -1.6851600100007555
  4 1 2.4799632496009543
  4 2 1.3035635683657618
  4 3 -0.95400110994878329
  4 5 -0.62207429183573515
  4 6 -0.95400110994878329
  4 7 1.2105328364738990
  4 8 -0.62207429183573515
  4 9 1.2105328364738990
  4 10 1.3035635683657618
  5 1 -0.95242671371985321
  5 2 -1.4155649038864069
  5 3 -4.2977679225103023
  5 4 -0.61230365249797525
  5 6 -4.1626912715802442
  5 7 -1.6851600100007555
  5 8 -4.1108823711352098
  5 9 -2.1447070682768552
  5 10 -2.0951195767355109
  6 1 -0.61230365249797525
  6 2 -1.6851600100007555
  6 3 -4.1108823711352098
  6 4 -0.95242671371985321
  6 5 -4.1626912715802442
  6 7 -1.4155649038864069
  6 8 -4.2977679225103023
  6 9 -2.0951195767355109
  6 10 -2.1447070682768552
  7 1 1.3076642818468514
  7 2 1.0267976444143974
  7 3 -2.0929597221809919
  7 4 1.2097959973248702
  7 5 -1.6843758434441574
  7 6 -1.4116846339654368
  7 8 -2.1441305008126093
  8 1 -0.95242671371985321
  8 2 -2.0951195767355109
  8 3 -4.1626912715802442
  8 4 -0.61230365249797525
  8 5 -4.1108823711352098
  8 6 -4.2977679225103023
  8 7 -2.1447070682768552
  8 9 -1.6851600100007555
  8 10 -1.4155649038864069
  9 1 1.3076642818468514
  9 3 -1.4116846339654368
  9 4 1.2097959973248702
  9 5 -2.1441305008126093
  9 6 -2.0937170189919185
  9 8 -1.6843758434441574
  9 10 1.0267976444143974
  10 1 1.2097959973248702
  10 3 -1.6843758434441574
  10 4 1.3076642818468514
  10 5 -2.0937170189919185
  10 6 -2.1441305008126093
  10 8 -1.4116846339654368
  10 9 1.0267976444143974
TERM-uu
  1 2 -5.0450259017673851
  1 3 5.8878293648708206
  1 4 -10.102369598815963
  1 5 6.0310384448415375
  1 6 5.8878293648708206
  1 7 -5.1265816579432082
  1 8 6.0310384448415375
  1 9 -5.1265816579432082
  1 10 -5.0450259017673851
  2 1 -5.0450259017673851
  2 3 11.079083204656726
  2 4 -5.1265816579432082
  2 5 10.807851851232922
  2 6 10.839531266818240
  2 7 -0.39818916823338435
  2 8 11.038580837987512
  3 1 5.8878293648708206
  3 2 11.079083204656726
  3 4 6.0310384448415375
  3 5 22.163235811305920
  3 6 22.021933808590095
  3 7 11.038634247494240
  3 8 22.071089003806112
  3 9 10.807851851232922
  3 10 10.839531266818240
  4 1 -10.102369598815963
  4 2 -5.1265816579432082
  4 3 6.0310384448415375
  4 5 5.8878293648708206
  4 6 6.0310384448415375
  4 7 -5.0450259017673851
  4 8 5.8878293648708206
  4 9 -5.0450259017673851
  4 10 -5.1265816579432082
  5 1 6.0310384448415375
  5 2 10.807851851232922
  5 3 22.163235811305920
  5 4 5.8878293648708206
  5 6 22.071089003806112
  5 7 10.839531266818240
  5 8 22.021933808590095
  5 9 11.079083204656726
  5 10 11.038580837987512
  6 1 5.8878293648708206
  6 2 10.839531266818240
  6 3 22.021933808590095
  6 4 6.0310384448415375
  6 5 22.071089003806112
  6 7 10.807851851232922
  6 8 22.163235811305920
  6 9 11.038580837987512
  6 10 11.079083204656726
  7 1 -5.1265816579432082
  7 2 -0.39818916823338435
  7 3 11.038634247494240
  7 4 -5.0450259017673851
  7 5 10.839531266818240
  7 6 10.807851851232922
  7 8 11.079083204656726
  8 1 6.0310384448415375
  8 2 11.038580837987512
  8 3 22.071089003806112
  8 4 5.8878293648708206
  8 5 22.021933808590095
  8 6 22.163235811305920
  8 7 11.079083204656726
  8 9 10.839531266818240
  8 10 10.807851851232922
  9 1 -5.1265816579432082
  9 3 10.807851851232922
  9 4 -5.0450259017673851
  9 5 11.079083204656726
  9 6 11.038580837987512
  9 8 10.839531266818240
  9 10 -0.39818916823338435
  10 1 -5.0450259017673851
  10 3 10.839531266818240
  10 4 -5.1265816579432082
  10 5 11.038580837987512
  10 6 11.079083204656726
  10 8 10.807851851232922
  10 9 -0.39818916823338435
TERM-ud
  1 2 3.8394308129299195
  1 3 -5.1942848772260062
  1 4 7.6619516716981213
  1 5 -5.0884983024352399
  1 6 -5.1942848772260062
  1 7 3.7778879917693935
  1 8 -5.0884983024352399
  1 9 3.7778879917693935
  1 10 3.8394308129299195
  2 1 3.8394308129299195
  2 3 -8.9341544414400609
  2 4 3.7778879917693935
  2 5 -9.2470076773352581
  2 6 -9.2031279816497555
  2 7 -0.48549893472516609
  2 8 -8.9373556353035486
  3 1 -5.1942848772260062
  3 2 -8.9341544414400609
  3 4 -5.0884983024352399
  3 5 -17.863901013541575
  3 6 -17.929271737012201
  3 7 -8.9374366713296851
  3 8 -17.917141815698830
  3 9 -9.2470076773352581
  3 10 -9.2031279816497555
  4 1 7.6619516716981213
  4 2 3.7778879917693935
  4 3 -5.0884983024352399
  4 5 -5.1942848772260062
  4 6 -5.0884983024352399
  4 7 3.8394308129299195
  4 8 -5.1942848772260062
  4 9 3.8394308129299195
  4 10 3.7778879917693935
  5 1 -5.0884983024352399
  5 2 -9.2470076773352581
  5 3 -17.863901013541575
  5 4 -5.1942848772260062
  5 6 -17.917141815698830
  5 7 -9.2031279816497555
  5 8 -17.929271737012201
  5 9 -8.9341544414400609
  5 10 -8.9373556353035486
  6 1 -5.1942848772260062
  6 2 -9.2031279816497555
  6 3 -17.929271737012201
  6 4 -5.0884983024352399
  6 5 -17.917141815698830
  6 7 -9.2470076773352581
  6 8 -17.863901013541575
  6 9 -8.9373556353035486
  6 10 -8.9341544414400609
  7 1 3.7778879917693935
  7 2 -0.48549893472516609
  7 3 -8.9374366713296851
  7 4 3.8394308129299195
  7 5 -9.2031279816497555
  7 6 -9.2470076773352581
  7 8 -8.9341544414400609
  8 1 -5.0884983024352399
  8 2 -8.9373556353035486
  8 3 -17.917141815698830
  8 4 -5.1942848772260062
  8 5 -17.929271737012201
  8 6 -17.863901013541575
  8 7 -8.9341544414400609
  8 9 -9.2031279816497555
  8 10 -9.2470076773352581
  9 1 3.7778879917693935
  9 3 -9.2470076773352581
  9 4 3.8394308129299195
  9 5 -8.9341544414400609
  9 6 -8.9373556353035486
  9 8 -9.2031279816497555
  9 10 -0.48549893472516609
  10 1 3.8394308129299195
  10 3 -9.2031279816497555
  10 4 3.7778879917693935
  10 5 -8.9373556353035486
  10 6 -8.9341544414400609
  10 8 -9.2470076773352581
  10 9 -0.48549893472516609
TERM-du
  1 2 3.8394308129299195
  1 3 -5.1942848772260062
  1 4 7.6619516716981213
  1 5 -5.0884983024352399
  1 6 -5.1942848772260062
  1 7 3.7778879917693935
  1 8 -5.0884983024352399
  1 9 3.7778879917693935
  1 10 3.8394308129299195
  2 1 3.8394308129299195
  2 3 -8.9341544414400609
  2 4 3.7778879917693935
  2 5 -9.2470076773352581
  2 6 -9.2031279816497555
  2 7 -0.48549893472516609
  2 8 -8.9373556353035486
  3 1 -5.1942848772260062
  3 2 -8.9341544414400609
  3 4 -5.0884983024352399
  3 5 -17.863901013541575
  3 6 -17.929271737012201
  3 7 -8.9374366713296851
  3 8 -17.917141815698830
  3 9 -9.2470076773352581
  3 10 -9.2031279816497555
  4 1 7.6619516716981213
  4 2 3.7778879917693935
  4 3 -5.0884983024352399
  4 5 -5.1942848772260062
  4 6 -5.0884983024352399
  4 7 3.8394308129299195
  4 8 -5.1942848772260062
  4 9 3.8394308129299195
  4 10 3.7778879917693935
  5 1 -5.0884983024352399
  5 2 -9.2470076773352581
  5 3 -17.863901013541575
  5 4 -5.1942848772260062
  5 6 -17.917141815698830
  5 7 -9.2031279816497555
  5 8 -17.929271737012201
  5 9 -8.9341544414400609
  5 10 -8.9373556353035486
  6 1 -5.1942848772260062
  6 2 -9.2031279816497555
  6 3 -17.929271737012201
  6 4 -5.0884983024352399
  6 5 -17.917141815698830
  6 7 -9.2470076773352581
  6 8 -17.863901013541575
  6 9 -8.9373556353035486
  6 10 -8.9341544414400609
  7 1 3.7778879917693935
  7 2 -0.48549893472516609
  7 3 -8.9374366713296851
  7 4 3.8394308129299195
  7 5 -9.2031279816497555
  7 6 -9.2470076773352581
  7 8 -8.9341544414400609
  8 1 -5.0884983024352399
  8 2 -8.9373556353035486
  8 3 -17.917141815698830
  8 4 -5.1942848772260062
  8 5 -17.929271737012201
  8 6 -17.863901013541575
  8 7 -8.9341544414400609
  8 9 -9.2031279816497555
  8 10 -9.2470076773352581
  9 1 3.7778879917693935
  9 3 -9.2470076773352581
  9 4 3.8394308129299195
  9 5 -8.9341544414400609
  9 6 -8.9373556353035486
  9 8 -9.2031279816497555
  9 10 -0.48549893472516609
  10 1 3.8394308129299195
  10 3 -9.2031279816497555
  10 4 3.7778879917693935
  10 5 -8.9373556353035486
  10 6 -8.9341544414400609
  10 8 -9.2470076773352581
  10 9 -0.48549893472516609
TERM-dd
  1 2 -5.0450259017673851
  1 3 5.8878293648708206
  1 4 -10.102369598815963
  1 5 6.0310384448415375
  1 6 5.8878293648708206
  1 7 -5.1265816579432082
  1 8 6.0310384448415375
  1 9 -5.1265816579432082
  1 10 -5.0450259017673851
  2 1 -5.0450259017673851
  2 3 11.079083204656726
  2 4 -5.1265816579432082
  2 5 10.807851851232922
  2 6 10.839531266818240
  2 7 -0.39818916823338435
  2 8 11.038580837987512
  3 1 5.8878293648708206
  3 2 11.079083204656726
  3 4 6.0310384448415375
  3 5 22.163235811305920
  3 6 22.021933808590095
  3 7 11.038634247494240
  3 8 22.071089003806112
  3 9 10.807851851232922
  3 10 10.839531266818240
  4 1 -10.102369598815963
  4 2 -5.1265816579432082
  4 3 6.0310384448415375
  4 5 5.8878293648708206
  4 6 6.0310384448415375
  4 7 -5.0450259017673851
  4 8 5.8878293648708206
  4 9 -5.0450259017673851
  4 10 -5.1265816579432082
  5 1 6.0310384448415375
  5 2 10.807851851232922
  5 3 22.163235811305920
  5 4 5.8878293648708206
  5 6 22.071089003806112
  5 7 10.839531266818240
  5 8 22.021933808590095
  5 9 11.079083204656726
  5 10 11.038580837987512
  6 1 5.8878293648708206
  6 2 10.839531266818240
  6 3 22.021933808590095
  6 4 6.0310384448415375
  6 5 22.071089003806112
  6 7 10.807851851232922
  6 8 22.163235811305920
  6 9 11.038580837987512
  6 10 11.079083204656726
  7 1 -5.1265816579432082
  7 2 -0.39818916823338435
  7 3 11.038634247494240
  7 4 -5.0450259017673851
  7 5 10.839531266818240
  7 6 10.807851851232922
  7 8 11.079083204656726
  8 1 6.0310384448415375
  8 2 11.038580837987512
  8 3 22.071089003806112
  8 4 5.8878293648708206
  8 5 22.021933808590095
  8 6 22.163235811305920
  8 7 11.079083204656726
  8 9 10.839531266818240
  8 10 10.807851851232922
  9 1 -5.1265816579432082
  9 3 10.807851851232922
  9 4 -5.0450259017673851
  9 5 11.079083204656726
  9 6 11.038580837987512
  9 8 10.839531266818240
  9 10 -0.39818916823338435
  10 1 -5.0450259017673851
  10 3 10.839531266818240
  10 4 -5.1265816579432082
  10 5 11.038580837987512
  10 6 11.079083204656726
  10 8 10.807851851232922
  10 9 -0.39818916823338435
TERM-20
  1 2 1.2097959973248702
  1 3 -0.61230365249797525
  1 4 2.4799632496009543
  1 5 -0.95242671371985321
  1 6 -0.61230365249797525
  1 7 1.3076642818468514
  1 8 -0.95242671371985321
  1 9 1.3076642818468514
  1 10 1.2097959973248702
  2 1 1.2105328364738990
  2 3 -2.1447070682768552
  2 4 1.3035635683657618
  2 5 -1.4155649038864069
  2 6 -1.6851600100007555
  2 7 1.0267976444143974
  2 8 -2.0951195767355109
  3 1 -0.62207429183573515
  3 2 -2.1441305008126093
  3 4 -0.95400110994878329
  3 5 -4.2977679225103023
  3 6 -4.1108823711352098
  3 7 -2.0929597221809919
  3 8 -4.1626912715802442
  3 9 -1.4116846339654368
  3 10 -1.6843758434441574
  4 1 2.4799632496009543
  4 2 1.3076642818468514
  4 3 -0.95242671371985321
  4 5 -0.61230365249797525
  4 6 -0.95242671371985321
  4 7 1.2097959973248702
  4 8 -0.61230365249797525
  4 9 1.2097959973248702
  4 10 1.3076642818468514
  5 1 -0.95400110994878329
  5 2 -1.4116846339654368
  5 3 -4.2977679225103023
  5 4 -0.62207429183573515
  5 6 -4.1626912715802442
  5 7 -1.6843758434441574
  5 8 -4.1108823711352098
  5 9 -2.1441305008126093
  5 10 -2.0937170189919185
  6 1 -0.62207429183573515
  6 2 -1.6843758434441574
  6 3 -4.1108823711352098
  6 4 -0.95400110994878329
  6 5 -4.1626912715802442
  6 7 -1.4116846339654368
  6 8 -4.2977679225103023
  6 9 -2.0937170189919185
  6 10 -2.1441305008126093
  7 1 1.3035635683657618
  7 2 1.0267976444143974
  7 3 -2.0954237486342349
  7 4 1.2105328364738990
  7 5 -1.6851600100007555
  7 6 -1.4155649038864069
  7 8 -2.1447070682768552
  8 1 -0.95400110994878329
  8 2 -2.0937170189919185
  8 3 -4.1626912715802442
  8 4 -0.62207429183573515
  8 5 -4.1108823711352098
  8 6 -4.2977679225103023
  8 7 -2.1441305008126093
  8 9 -1.6843758434441574
  8 10 -1.4116846339654368
  9 1 1.3035635683657618
  9 3 -1.4155649038864069
  9 4 1.2105328364738990
  9 5 -2.1447070682768552
  9 6 -2.0951195767355109
  9 8 -1.6851600100007555
  9 10 1.0267976444143974
  10 1 1.2105328364738990
  10 3 -1.6851600100007555
  10 4 1.3035635683657618
  10 5 -2.0951195767355109
  10 6 -2.1447070682768552
  10 8 -1.4155649038864069
  10 9 1.0267976444143974
