# of blocks mean (X_1)     std.err. (X_1)  std.err.err. (X_1)  
# from 50000 to 0
2049        -1.18877017814 1.34299213e-05  2.09842520e-07       
1024        -1.18876994629 1.76173095e-05  3.89481443e-07       
512         -1.18876994629 2.13265981e-05  6.67107982e-07       
256         -1.18876994629 2.21695862e-05  9.81685776e-07       
128         -1.18876994629 2.38352934e-05  1.49555932e-06       
64          -1.18876994629 2.62804847e-05  2.34125166e-06       
32          -1.18876994629 2.91727994e-05  3.70494923e-06       
16          -1.18876994629 3.12240367e-05  5.70070309e-06       
8           -1.18876994629 1.75951807e-05  4.70250985e-06       
4           -1.18876994629 1.09360452e-05  4.46462175e-06       
2           -1.18876994629 2.36816406e-06  1.67454487e-06       
