# of blocks mean (X_5)     std.err. (X_5)  std.err.err. (X_5)  mean (X_6)     std.err. (X_6)  std.err.err. (X_6)  cov(X_5,X_6)   mean (X_5/X_6)   std.err. (X_5/X_6) 
# from 50000 to 0
2049        -34760910.1188 2.60573621e+02  4.07146283e+00       90676.8295889  6.79724224e-01  1.06206910e-02       -3.62915e+05   -383.349420975834 1.879203140848e-07 
1024        -34760911.1775 3.64292485e+02  8.05373614e+00       90676.8323513  9.50281880e-01  2.10087220e-02       -3.54489e+05   -383.349420972968 2.621041716688e-07 
512         -34760911.1775 5.03464719e+02  1.57486595e+01       90676.8323513  1.31332197e+00  4.10814497e-02       -3.38540e+05   -383.349420972968 3.602647471140e-07 
256         -34760911.1775 6.81750795e+02  3.01884326e+01       90676.8323513  1.77839397e+00  7.87486086e-02       -3.10380e+05   -383.349420972968 4.865908752856e-07 
128         -34760911.1775 9.11284616e+02  5.71790823e+01       90676.8323513  2.37715119e+00  1.49155731e-01       -2.77281e+05   -383.349420972968 6.253037010068e-07 
64          -34760911.1775 1.18516121e+03  1.05582552e+02       90676.8323513  3.09157738e+00  2.75419604e-01       -2.34497e+05   -383.349420972968 7.552036137014e-07 
32          -34760911.1775 1.49195995e+03  1.89479103e+02       90676.8323513  3.89190606e+00  4.94272564e-01       -1.85810e+05   -383.349420972968 8.721315924680e-07 
16          -34760911.1775 1.79157648e+03  3.27095616e+02       90676.8323513  4.67347786e+00  8.53256416e-01       -1.33966e+05   -383.349420972968 9.817654719813e-07 
8           -34760911.1775 1.55485271e+03  4.15551867e+02       90676.8323513  4.05606811e+00  1.08402980e+00       -5.04527e+04   -383.349420972968 1.110633065356e-06 
4           -34760911.1775 1.97964969e+03  8.08188600e+02       90676.8323513  5.16431517e+00  2.10832284e+00       -4.08941e+04   -383.349420972968 1.177875693850e-06 
2           -34760911.1775 5.64743259e+02  3.99333788e+02       90676.8323513  1.47301955e+00  1.04158211e+00       -1.66376e+03   -383.349420972968 6.844786245399e-07 
