# of blocks mean (X_1)     std.err. (X_1)  std.err.err. (X_1)  
# from 50000 to 0
2049        -0.683492468619 4.47485718e-06  6.99196434e-08       
1024        -0.683492725879 5.81889758e-06  1.28643515e-07       
512         -0.683492725879 6.76999347e-06  2.11769203e-07       
256         -0.683492725879 7.11064638e-06  3.14864714e-07       
128         -0.683492725879 7.61322538e-06  4.77696246e-07       
64          -0.683492725879 7.42946832e-06  6.61869643e-07       
32          -0.683492725879 7.78489972e-06  9.88683253e-07       
16          -0.683492725879 9.01582082e-06  1.64605614e-06       
8           -0.683492725879 8.72722946e-06  2.33245018e-06       
4           -0.683492725879 1.18231728e-05  4.82679008e-06       
2           -0.683492725879 1.27224609e-05  8.99613840e-06       
