# of blocks mean (X_5)     std.err. (X_5)  std.err.err. (X_5)  mean (X_6)     std.err. (X_6)  std.err.err. (X_6)  cov(X_5,X_6)   mean (X_5/X_6)   std.err. (X_5/X_6) 
# from 50000 to 0
2049        -59869425.9827 1.13449331e+02  1.77264579e+00       259511.763598  4.91757349e-01  7.68370857e-03       -1.14313e+05   -230.700239374776 1.985501588404e-08 
1024        -59869429.0678 1.57259857e+02  3.47668274e+00       259511.776972  6.81658175e-01  1.50700201e-02       -1.09770e+05   -230.700239374222 2.767094129568e-08 
512         -59869429.0678 2.13412741e+02  6.67567054e+00       259511.776972  9.25057518e-01  2.89363194e-02       -1.01079e+05   -230.700239374221 3.808589477449e-08 
256         -59869429.0678 2.85848712e+02  1.26575937e+01       259511.776972  1.23903641e+00  5.48654543e-02       -9.06693e+04   -230.700239374221 5.144753382736e-08 
128         -59869429.0678 3.78929869e+02  2.37761746e+01       259511.776972  1.64250127e+00  1.03059696e-01       -7.96663e+04   -230.700239374222 6.780206013366e-08 
64          -59869429.0678 4.79593389e+02  4.27255749e+01       259511.776972  2.07882485e+00  1.85196437e-01       -6.38074e+04   -230.700239374222 8.300731369777e-08 
32          -59869429.0678 6.12455668e+02  7.77819476e+01       259511.776972  2.65471247e+00  3.37148821e-01       -5.20286e+04   -230.700239374222 1.064533656873e-07 
16          -59869429.0678 6.71040824e+02  1.22514732e+02       259511.776972  2.90864247e+00  5.31043031e-01       -3.12291e+04   -230.700239374222 1.003846799857e-07 
8           -59869429.0678 6.84714511e+02  1.82997650e+02       259511.776972  2.96788824e+00  7.93201497e-01       -1.62572e+04   -230.700239374222 1.132600105093e-07 
4           -59869429.0678 7.51447151e+02  3.06777015e+02       259511.776972  3.25711628e+00  1.32971215e+00       -9.79020e+03   -230.700239374222 1.181124610940e-07 
2           -59869429.0678 1.01452604e+03  7.17378240e+02       259511.776972  4.39742263e+00  3.10944736e+00       -8.92260e+03   -230.700239374222 1.525270180106e-07 
