# FIXED-NODE: TRIAL WAVE FUNCTION DUMP FILE [ nI | twfn amp. ]
 # Size of Hilbert Space:          400
 # Type of Trial Wave Function |  Slater =           1  |  Jastrow = F  |  Backflow = F
 
   1    1   2   3   4   5   6   1.11111142016E-01
   2    1   2   3   4   5   8  -3.33333382436E-01
   3    1   2   3   4   5  10   2.22222221404E-01
   4    1   2   3   4   5  12   2.22222242259E-01
   5    1   2   3   4   6   7   3.33333382436E-01
   6    1   2   3   4   6   9  -2.22222221404E-01
   7    1   2   3   4   6  11  -2.22222242259E-01
   8    1   2   3   4   7   8   1.00000001648E+00
   9    1   2   3   4   7  10  -6.66666576989E-01
  10    1   2   3   4   7  12  -6.66666639557E-01
  11    1   2   3   4   8   9   6.66666576989E-01
  12    1   2   3   4   8  11   6.66666639557E-01
  13    1   2   3   4   9  10   4.44444317552E-01
  14    1   2   3   4   9  12   4.44444359264E-01
  15    1   2   3   4  10  11  -4.44444359264E-01
  16    1   2   3   4  11  12   4.44444400976E-01
  17    1   2   3   5   6   8  -2.22222297417E-01
  18    1   2   3   5   6  10   1.11111137190E-01
  19    1   2   3   5   6  12   2.22222298926E-01
  20    1   2   3   5   8  10   1.11111101621E-01
  21    1   2   3   5   8  12  -2.22222298266E-01
  22    1   2   3   5  10  12   2.22222239989E-01
  23    1   2   3   6   7   8  -6.66666805031E-01
  24    1   2   3   6   7  10   3.33333367959E-01
  25    1   2   3   6   7  12   6.66666809557E-01
  26    1   2   3   6   8   9  -4.44444469580E-01
  27    1   2   3   6   8  11  -4.44444511292E-01
  28    1   2   3   6   9  10  -2.22222211752E-01
  29    1   2   3   6   9  12  -4.44444472597E-01
  30    1   2   3   6  10  11   2.22222232608E-01
  31    1   2   3   6  11  12  -4.44444514309E-01
  32    1   2   3   7   8  10  -3.33333261252E-01
  33    1   2   3   7   8  12   6.66666807576E-01
  34    1   2   3   7  10  12  -6.66666632746E-01
  35    1   2   3   8   9  10  -2.22222140614E-01
  36    1   2   3   8   9  12   4.44444471276E-01
  37    1   2   3   8  10  11   2.22222161470E-01
  38    1   2   3   8  11  12   4.44444512988E-01
  39    1   2   3   9  10  12   4.44444354723E-01
  40    1   2   3  10  11  12  -4.44444396435E-01
  41    1   2   4   5   6   7   2.22222297417E-01
  42    1   2   4   5   6   9  -1.11111137190E-01
  43    1   2   4   5   6  11  -2.22222298926E-01
  44    1   2   4   5   7   8   6.66666805031E-01
  45    1   2   4   5   7  10  -4.44444469580E-01
  46    1   2   4   5   7  12  -4.44444511292E-01
  47    1   2   4   5   8   9   3.33333367959E-01
  48    1   2   4   5   8  11   6.66666809557E-01
  49    1   2   4   5   9  10   2.22222211752E-01
  50    1   2   4   5   9  12   2.22222232608E-01
  51    1   2   4   5  10  11  -4.44444472597E-01
  52    1   2   4   5  11  12   4.44444514309E-01
  53    1   2   4   6   7   9   1.11111101621E-01
  54    1   2   4   6   7  11  -2.22222298266E-01
  55    1   2   4   6   9  11   2.22222239989E-01
  56    1   2   4   7   8   9   3.33333261252E-01
  57    1   2   4   7   8  11  -6.66666807576E-01
  58    1   2   4   7   9  10   2.22222140614E-01
  59    1   2   4   7   9  12   2.22222161470E-01
  60    1   2   4   7  10  11   4.44444471276E-01
  61    1   2   4   7  11  12  -4.44444512988E-01
  62    1   2   4   8   9  11  -6.66666632746E-01
  63    1   2   4   9  10  11  -4.44444354723E-01
  64    1   2   4   9  11  12   4.44444396435E-01
  65    1   2   5   6   7   8   4.44444621608E-01
  66    1   2   5   6   7  10  -2.22222287766E-01
  67    1   2   5   6   7  12  -4.44444624625E-01
  68    1   2   5   6   8   9   2.22222287766E-01
  69    1   2   5   6   8  11   4.44444624625E-01
  70    1   2   5   6   9  10   1.11111132364E-01
  71    1   2   5   6   9  12   2.22222289275E-01
  72    1   2   5   6  10  11  -2.22222289275E-01
  73    1   2   5   6  11  12   4.44444627643E-01
  74    1   2   5   7   8  10   2.22222216628E-01
  75    1   2   5   7   8  12  -4.44444623304E-01
  76    1   2   5   7  10  12   4.44444506751E-01
  77    1   2   5   8   9  10   1.11111096795E-01
  78    1   2   5   8   9  12  -2.22222288614E-01
  79    1   2   5   8  10  11  -2.22222218137E-01
  80    1   2   5   8  11  12  -4.44444626322E-01
  81    1   2   5   9  10  12  -2.22222230338E-01
  82    1   2   5  10  11  12   4.44444509769E-01
  83    1   2   6   7   8   9  -2.22222216628E-01
  84    1   2   6   7   8  11   4.44444623304E-01
  85    1   2   6   7   9  10  -1.11111096795E-01
  86    1   2   6   7   9  12  -2.22222218137E-01
  87    1   2   6   7  10  11  -2.22222288614E-01
  88    1   2   6   7  11  12   4.44444626322E-01
  89    1   2   6   8   9  11   4.44444506751E-01
  90    1   2   6   9  10  11   2.22222230338E-01
  91    1   2   6   9  11  12  -4.44444509769E-01
  92    1   2   7   8   9  10   1.11111061226E-01
  93    1   2   7   8   9  12  -2.22222217476E-01
  94    1   2   7   8  10  11   2.22222217476E-01
  95    1   2   7   8  11  12   4.44444625001E-01
  96    1   2   7   9  10  12  -2.22222159200E-01
  97    1   2   7  10  11  12  -4.44444508448E-01
  98    1   2   8   9  10  11   2.22222159200E-01
  99    1   2   8   9  11  12   4.44444508448E-01
 100    1   2   9  10  11  12   4.44444391895E-01
 101    1   3   4   5   6   8  -2.22222240826E-01
 102    1   3   4   5   6  10   2.22222221415E-01
 103    1   3   4   5   6  12   1.11111100501E-01
 104    1   3   4   5   8  10  -2.22222220627E-01
 105    1   3   4   5   8  12   1.11111140215E-01
 106    1   3   4   5  10  12  -2.22222220911E-01
 107    1   3   4   6   7   8  -6.66666635255E-01
 108    1   3   4   6   7  10   6.66666577023E-01
 109    1   3   4   6   7  12   3.33333257893E-01
 110    1   3   4   6   8   9  -4.44444356396E-01
 111    1   3   4   6   8  11  -4.44444398108E-01
 112    1   3   4   6   9  10  -4.44444317574E-01
 113    1   3   4   6   9  12  -2.22222138375E-01
 114    1   3   4   6  10  11   4.44444359286E-01
 115    1   3   4   6  11  12  -2.22222159231E-01
 116    1   3   4   7   8  10   6.66666574659E-01
 117    1   3   4   7   8  12  -3.33333377033E-01
 118    1   3   4   7  10  12   6.66666575512E-01
 119    1   3   4   8   9  10   4.44444315998E-01
 120    1   3   4   8   9  12  -2.22222217802E-01
 121    1   3   4   8  10  11  -4.44444357710E-01
 122    1   3   4   8  11  12  -2.22222238658E-01
 123    1   3   4   9  10  12  -4.44444316567E-01
 124    1   3   4  10  11  12   4.44444358279E-01
 125    1   3   5   6   8  10  -2.22222238428E-01
 126    1   3   5   6   8  12   2.22222297052E-01
 127    1   3   5   6  10  12  -3.33333376944E-01
 128    1   3   5   8  10  12   1.11111137838E-01
 129    1   3   6   7   8  10  -6.66666628062E-01
 130    1   3   6   7   8  12   6.66666803936E-01
 131    1   3   6   7  10  12  -1.00000000000E+00
 132    1   3   6   8   9  10  -4.44444351601E-01
 133    1   3   6   8   9  12   4.44444468850E-01
 134    1   3   6   8  10  11   4.44444393313E-01
 135    1   3   6   8  11  12   4.44444510562E-01
 136    1   3   6   9  10  12   6.66666566005E-01
 137    1   3   6  10  11  12  -6.66666628573E-01
 138    1   3   7   8  10  12  -3.33333369903E-01
 139    1   3   8   9  10  12  -2.22222213048E-01
 140    1   3   8  10  11  12   2.22222233904E-01
 141    1   4   5   6   7   8  -4.44444508424E-01
 142    1   4   5   6   7  10   4.44444469602E-01
 143    1   4   5   6   7  12   2.22222214389E-01
 144    1   4   5   6   8   9  -2.22222231174E-01
 145    1   4   5   6   8  11  -4.44444511441E-01
 146    1   4   5   6   9  10  -2.22222211763E-01
 147    1   4   5   6   9  12  -1.11111095676E-01
 148    1   4   5   6  10  11   4.44444472620E-01
 149    1   4   5   6  11  12  -2.22222215898E-01
 150    1   4   5   7   8  10   4.44444468026E-01
 151    1   4   5   7   8  12  -2.22222293816E-01
 152    1   4   5   7  10  12   4.44444468595E-01
 153    1   4   5   8   9  10   2.22222210975E-01
 154    1   4   5   8   9  12  -1.11111135389E-01
 155    1   4   5   8  10  11  -4.44444471044E-01
 156    1   4   5   8  11  12  -2.22222295324E-01
 157    1   4   5   9  10  12  -2.22222211260E-01
 158    1   4   5  10  11  12   4.44444471612E-01
 159    1   4   6   7   8   9   2.22222160036E-01
 160    1   4   6   7   8  11  -4.44444510120E-01
 161    1   4   6   7   9  10   2.22222140625E-01
 162    1   4   6   7   9  12   1.11111060107E-01
 163    1   4   6   7  10  11   4.44444471298E-01
 164    1   4   6   7  11  12  -2.22222215237E-01
 165    1   4   6   8   9  11  -4.44444393567E-01
 166    1   4   6   9  10  11  -4.44444354746E-01
 167    1   4   6   9  11  12   2.22222156961E-01
 168    1   4   7   8   9  10   2.22222139837E-01
 169    1   4   7   8   9  12  -1.11111099820E-01
 170    1   4   7   8  10  11   4.44444469723E-01
 171    1   4   7   8  11  12   2.22222294664E-01
 172    1   4   7   9  10  12  -2.22222140122E-01
 173    1   4   7  10  11  12  -4.44444470291E-01
 174    1   4   8   9  10  11   4.44444353170E-01
 175    1   4   8   9  11  12   2.22222236387E-01
 176    1   4   9  10  11  12   4.44444353738E-01
 177    1   5   6   7   8  10   4.44444503629E-01
 178    1   5   6   7   8  12  -4.44444620878E-01
 179    1   5   6   7  10  12   6.66666794047E-01
 180    1   5   6   8   9  10   2.22222228777E-01
 181    1   5   6   8   9  12  -2.22222287401E-01
 182    1   5   6   8  10  11  -4.44444506646E-01
 183    1   5   6   8  11  12  -4.44444623895E-01
 184    1   5   6   9  10  12  -3.33333362467E-01
 185    1   5   6  10  11  12   6.66666798573E-01
 186    1   5   7   8  10  12   2.22222289062E-01
 187    1   5   8   9  10  12   1.11111133012E-01
 188    1   5   8  10  11  12  -2.22222290571E-01
 189    1   6   7   8   9  10  -2.22222157639E-01
 190    1   6   7   8   9  12   2.22222216263E-01
 191    1   6   7   8  10  11  -4.44444505325E-01
 192    1   6   7   8  11  12  -4.44444622574E-01
 193    1   6   7   9  10  12   3.33333255760E-01
 194    1   6   7  10  11  12   6.66666796592E-01
 195    1   6   8   9  10  11  -4.44444388772E-01
 196    1   6   8   9  11  12  -4.44444506021E-01
 197    1   6   9  10  11  12  -6.66666621762E-01
 198    1   7   8   9  10  12   1.11111097443E-01
 199    1   7   8  10  11  12   2.22222289910E-01
 200    1   8   9  10  11  12   2.22222231634E-01
 201    2   3   4   5   6   7   2.22222240826E-01
 202    2   3   4   5   6   9  -2.22222221415E-01
 203    2   3   4   5   6  11  -1.11111100501E-01
 204    2   3   4   5   7   8   6.66666635255E-01
 205    2   3   4   5   7  10  -4.44444356396E-01
 206    2   3   4   5   7  12  -4.44444398108E-01
 207    2   3   4   5   8   9   6.66666577023E-01
 208    2   3   4   5   8  11   3.33333257893E-01
 209    2   3   4   5   9  10   4.44444317574E-01
 210    2   3   4   5   9  12   4.44444359286E-01
 211    2   3   4   5  10  11  -2.22222138375E-01
 212    2   3   4   5  11  12   2.22222159231E-01
 213    2   3   4   6   7   9  -2.22222220627E-01
 214    2   3   4   6   7  11   1.11111140215E-01
 215    2   3   4   6   9  11  -2.22222220911E-01
 216    2   3   4   7   8   9  -6.66666574659E-01
 217    2   3   4   7   8  11   3.33333377033E-01
 218    2   3   4   7   9  10  -4.44444315998E-01
 219    2   3   4   7   9  12  -4.44444357710E-01
 220    2   3   4   7  10  11  -2.22222217802E-01
 221    2   3   4   7  11  12   2.22222238658E-01
 222    2   3   4   8   9  11   6.66666575512E-01
 223    2   3   4   9  10  11   4.44444316567E-01
 224    2   3   4   9  11  12  -4.44444358279E-01
 225    2   3   5   6   7   8   4.44444508424E-01
 226    2   3   5   6   7  10  -2.22222231174E-01
 227    2   3   5   6   7  12  -4.44444511441E-01
 228    2   3   5   6   8   9   4.44444469602E-01
 229    2   3   5   6   8  11   2.22222214389E-01
 230    2   3   5   6   9  10   2.22222211763E-01
 231    2   3   5   6   9  12   4.44444472620E-01
 232    2   3   5   6  10  11  -1.11111095676E-01
 233    2   3   5   6  11  12   2.22222215898E-01
 234    2   3   5   7   8  10   2.22222160036E-01
 235    2   3   5   7   8  12  -4.44444510120E-01
 236    2   3   5   7  10  12   4.44444393567E-01
 237    2   3   5   8   9  10   2.22222140625E-01
 238    2   3   5   8   9  12  -4.44444471298E-01
 239    2   3   5   8  10  11  -1.11111060107E-01
 240    2   3   5   8  11  12  -2.22222215237E-01
 241    2   3   5   9  10  12  -4.44444354746E-01
 242    2   3   5  10  11  12   2.22222156961E-01
 243    2   3   6   7   8   9   4.44444468026E-01
 244    2   3   6   7   8  11  -2.22222293816E-01
 245    2   3   6   7   9  10   2.22222210975E-01
 246    2   3   6   7   9  12   4.44444471044E-01
 247    2   3   6   7  10  11   1.11111135389E-01
 248    2   3   6   7  11  12  -2.22222295324E-01
 249    2   3   6   8   9  11  -4.44444468595E-01
 250    2   3   6   9  10  11  -2.22222211260E-01
 251    2   3   6   9  11  12   4.44444471612E-01
 252    2   3   7   8   9  10  -2.22222139837E-01
 253    2   3   7   8   9  12   4.44444469723E-01
 254    2   3   7   8  10  11  -1.11111099820E-01
 255    2   3   7   8  11  12  -2.22222294664E-01
 256    2   3   7   9  10  12   4.44444353170E-01
 257    2   3   7  10  11  12   2.22222236387E-01
 258    2   3   8   9  10  11  -2.22222140122E-01
 259    2   3   8   9  11  12  -4.44444470291E-01
 260    2   3   9  10  11  12  -4.44444353738E-01
 261    2   4   5   6   7   9  -2.22222238428E-01
 262    2   4   5   6   7  11   2.22222297052E-01
 263    2   4   5   6   9  11  -3.33333376944E-01
 264    2   4   5   7   8   9  -6.66666628062E-01
 265    2   4   5   7   8  11   6.66666803936E-01
 266    2   4   5   7   9  10  -4.44444351601E-01
 267    2   4   5   7   9  12  -4.44444393313E-01
 268    2   4   5   7  10  11  -4.44444468850E-01
 269    2   4   5   7  11  12   4.44444510562E-01
 270    2   4   5   8   9  11   1.00000000000E+00
 271    2   4   5   9  10  11   6.66666566005E-01
 272    2   4   5   9  11  12  -6.66666628573E-01
 273    2   4   6   7   9  11  -1.11111137838E-01
 274    2   4   7   8   9  11  -3.33333369903E-01
 275    2   4   7   9  10  11  -2.22222213048E-01
 276    2   4   7   9  11  12   2.22222233904E-01
 277    2   5   6   7   8   9  -4.44444503629E-01
 278    2   5   6   7   8  11   4.44444620878E-01
 279    2   5   6   7   9  10  -2.22222228777E-01
 280    2   5   6   7   9  12  -4.44444506646E-01
 281    2   5   6   7  10  11  -2.22222287401E-01
 282    2   5   6   7  11  12   4.44444623895E-01
 283    2   5   6   8   9  11   6.66666794047E-01
 284    2   5   6   9  10  11   3.33333362467E-01
 285    2   5   6   9  11  12  -6.66666798573E-01
 286    2   5   7   8   9  10   2.22222157639E-01
 287    2   5   7   8   9  12  -4.44444505325E-01
 288    2   5   7   8  10  11   2.22222216263E-01
 289    2   5   7   8  11  12   4.44444622574E-01
 290    2   5   7   9  10  12  -4.44444388772E-01
 291    2   5   7  10  11  12  -4.44444506021E-01
 292    2   5   8   9  10  11   3.33333255760E-01
 293    2   5   8   9  11  12   6.66666796592E-01
 294    2   5   9  10  11  12   6.66666621762E-01
 295    2   6   7   8   9  11   2.22222289062E-01
 296    2   6   7   9  10  11   1.11111133012E-01
 297    2   6   7   9  11  12  -2.22222290571E-01
 298    2   7   8   9  10  11  -1.11111097443E-01
 299    2   7   8   9  11  12  -2.22222289910E-01
 300    2   7   9  10  11  12  -2.22222231634E-01
 301    3   4   5   6   7   8   4.44444395240E-01
 302    3   4   5   6   7  10  -4.44444356418E-01
 303    3   4   5   6   7  12  -2.22222157797E-01
 304    3   4   5   6   8   9   4.44444356418E-01
 305    3   4   5   6   8  11   2.22222157797E-01
 306    3   4   5   6   9  10   4.44444317596E-01
 307    3   4   5   6   9  12   2.22222138386E-01
 308    3   4   5   6  10  11  -2.22222138386E-01
 309    3   4   5   6  11  12   1.11111058987E-01
 310    3   4   5   7   8  10  -4.44444354842E-01
 311    3   4   5   7   8  12   2.22222237224E-01
 312    3   4   5   7  10  12  -4.44444355411E-01
 313    3   4   5   8   9  10  -4.44444316021E-01
 314    3   4   5   8   9  12   2.22222217813E-01
 315    3   4   5   8  10  11   2.22222137598E-01
 316    3   4   5   8  11  12   1.11111098700E-01
 317    3   4   5   9  10  12   4.44444316589E-01
 318    3   4   5  10  11  12  -2.22222137883E-01
 319    3   4   6   7   8   9   4.44444354842E-01
 320    3   4   6   7   8  11  -2.22222237224E-01
 321    3   4   6   7   9  10   4.44444316021E-01
 322    3   4   6   7   9  12   2.22222137598E-01
 323    3   4   6   7  10  11   2.22222217813E-01
 324    3   4   6   7  11  12  -1.11111098700E-01
 325    3   4   6   8   9  11  -4.44444355411E-01
 326    3   4   6   9  10  11  -4.44444316589E-01
 327    3   4   6   9  11  12   2.22222137883E-01
 328    3   4   7   8   9  10   4.44444314445E-01
 329    3   4   7   8   9  12  -2.22222217025E-01
 330    3   4   7   8  10  11   2.22222217025E-01
 331    3   4   7   8  11  12   1.11111138414E-01
 332    3   4   7   9  10  12  -4.44444315013E-01
 333    3   4   7  10  11  12  -2.22222217309E-01
 334    3   4   8   9  10  11   4.44444315013E-01
 335    3   4   8   9  11  12   2.22222217309E-01
 336    3   4   9  10  11  12   4.44444315582E-01
 337    3   5   6   7   8  10  -4.44444390445E-01
 338    3   5   6   7   8  12   4.44444507694E-01
 339    3   5   6   7  10  12  -6.66666624271E-01
 340    3   5   6   8   9  10  -4.44444351623E-01
 341    3   5   6   8   9  12   4.44444468872E-01
 342    3   5   6   8  10  11   2.22222155399E-01
 343    3   5   6   8  11  12   2.22222214024E-01
 344    3   5   6   9  10  12   6.66666566039E-01
 345    3   5   6  10  11  12  -3.33333252401E-01
 346    3   5   7   8  10  12  -2.22222232470E-01
 347    3   5   8   9  10  12  -2.22222213059E-01
 348    3   5   8  10  11  12   1.11111096323E-01
 349    3   6   7   8   9  10  -4.44444350047E-01
 350    3   6   7   8   9  12   4.44444467296E-01
 351    3   6   7   8  10  11  -2.22222234826E-01
 352    3   6   7   8  11  12  -2.22222293451E-01
 353    3   6   7   9  10  12   6.66666563675E-01
 354    3   6   7  10  11  12   3.33333371541E-01
 355    3   6   8   9  10  11  -4.44444350616E-01
 356    3   6   8   9  11  12  -4.44444467865E-01
 357    3   6   9  10  11  12  -6.66666564528E-01
 358    3   7   8   9  10  12   2.22222212271E-01
 359    3   7   8  10  11  12   1.11111136037E-01
 360    3   8   9  10  11  12   2.22222212555E-01
 361    4   5   6   7   8   9   4.44444390445E-01
 362    4   5   6   7   8  11  -4.44444507694E-01
 363    4   5   6   7   9  10   4.44444351623E-01
 364    4   5   6   7   9  12   2.22222155399E-01
 365    4   5   6   7  10  11   4.44444468872E-01
 366    4   5   6   7  11  12  -2.22222214024E-01
 367    4   5   6   8   9  11  -6.66666624271E-01
 368    4   5   6   9  10  11  -6.66666566039E-01
 369    4   5   6   9  11  12   3.33333252401E-01
 370    4   5   7   8   9  10   4.44444350047E-01
 371    4   5   7   8   9  12  -2.22222234826E-01
 372    4   5   7   8  10  11   4.44444467296E-01
 373    4   5   7   8  11  12   2.22222293451E-01
 374    4   5   7   9  10  12  -4.44444350616E-01
 375    4   5   7  10  11  12  -4.44444467865E-01
 376    4   5   8   9  10  11   6.66666563675E-01
 377    4   5   8   9  11  12   3.33333371541E-01
 378    4   5   9  10  11  12   6.66666564528E-01
 379    4   6   7   8   9  11  -2.22222232470E-01
 380    4   6   7   9  10  11  -2.22222213059E-01
 381    4   6   7   9  11  12   1.11111096323E-01
 382    4   7   8   9  10  11  -2.22222212271E-01
 383    4   7   8   9  11  12  -1.11111136037E-01
 384    4   7   9  10  11  12  -2.22222212555E-01
 385    5   6   7   8   9  10   4.44444385649E-01
 386    5   6   7   8   9  12  -4.44444502898E-01
 387    5   6   7   8  10  11   4.44444502898E-01
 388    5   6   7   8  11  12   4.44444620148E-01
 389    5   6   7   9  10  12  -6.66666617078E-01
 390    5   6   7  10  11  12  -6.66666792952E-01
 391    5   6   8   9  10  11   6.66666617078E-01
 392    5   6   8   9  11  12   6.66666792952E-01
 393    5   6   9  10  11  12   9.99999983524E-01
 394    5   7   8   9  10  12  -2.22222230072E-01
 395    5   7   8  10  11  12  -2.22222288697E-01
 396    5   8   9  10  11  12  -3.33333364411E-01
 397    6   7   8   9  10  11   2.22222230072E-01
 398    6   7   8   9  11  12   2.22222288697E-01
 399    6   7   9  10  11  12   3.33333364411E-01
 400    7   8   9  10  11  12   1.11111133660E-01
