# of blocks mean (X_5)     std.err. (X_5)  std.err.err. (X_5)  mean (X_6)     std.err. (X_6)  std.err.err. (X_6)  cov(X_5,X_6)   mean (X_5/X_6)   std.err. (X_5/X_6) 
# from 50000 to 0
2049        -59900469.9434 1.10469298e+02  1.72608279e+00       259646.315475  4.78843011e-01  7.48192205e-03       -1.08387e+05   -230.700250199814 1.595435497227e-08 
1024        -59900467.7584 1.52835807e+02  3.37887635e+00       259646.306004  6.62485936e-01  1.46461625e-02       -1.03682e+05   -230.700250199434 2.217955937430e-08 
512         -59900467.7584 2.07275156e+02  6.48368345e+00       259646.306004  8.98459967e-01  2.81043330e-02       -9.53490e+04   -230.700250199434 3.018980384000e-08 
256         -59900467.7584 2.76061719e+02  1.22242184e+01       259646.306004  1.19662310e+00  5.29873613e-02       -8.45675e+04   -230.700250199434 3.996104991410e-08 
128         -59900467.7584 3.51379187e+02  2.20474911e+01       259646.306004  1.52309400e+00  9.55674174e-02       -6.85035e+04   -230.700250199434 5.021679296517e-08 
64          -59900467.7584 4.30098427e+02  3.83162132e+01       259646.306004  1.86431425e+00  1.66086314e-01       -5.13177e+04   -230.700250199434 6.032611239930e-08 
32          -59900467.7584 4.63516796e+02  5.88666919e+01       259646.306004  2.00918098e+00  2.55166239e-01       -2.98013e+04   -230.700250199434 6.937114599201e-08 
16          -59900467.7584 3.00786887e+02  5.49159209e+01       259646.306004  1.30382102e+00  2.38044062e-01       -6.27476e+03   -230.700250199434 7.640448894169e-08 
8           -59900467.7584 2.60752344e+02  6.96889952e+01       259646.306004  1.13027696e+00  3.02079225e-01       -2.35778e+03   -230.700250199434 7.587890339621e-08 
4           -59900467.7584 2.70386576e+02  1.10384857e+02       259646.306004  1.17203538e+00  4.78481440e-01       -1.26761e+03   -230.700250199434 6.243900452224e-08 
2           -59900467.7584 1.33718777e+02  9.45534537e+01       259646.306004  5.79519437e-01  4.09782123e-01       -1.54985e+02   -230.700250199434 9.049871650737e-08 
