# of blocks mean (X_1)     std.err. (X_1)  std.err.err. (X_1)  
# from 50000 to 0
2049        -0.683506871694 4.49833878e-06  7.02865435e-08       
1024        -0.683506708203 5.83936477e-06  1.29096001e-07       
512         -0.683506708203 6.76011760e-06  2.11460280e-07       
256         -0.683506708203 7.05431124e-06  3.12370152e-07       
128         -0.683506708203 7.04048468e-06  4.41759299e-07       
64          -0.683506708203 7.34871488e-06  6.54675555e-07       
32          -0.683506708203 7.55113775e-06  9.58995453e-07       
16          -0.683506708203 8.64730085e-06  1.57877391e-06       
8           -0.683506708203 9.84111961e-06  2.63014985e-06       
4           -0.683506708203 8.46379320e-06  3.45532910e-06       
2           -0.683506708203 6.41542969e-06  4.53639384e-06       
