# of blocks mean (X_5)     std.err. (X_5)  std.err.err. (X_5)  mean (X_6)     std.err. (X_6)  std.err.err. (X_6)  cov(X_5,X_6)   mean (X_5/X_6)   std.err. (X_5/X_6) 
# from 50000 to 0
2049        -60039285.2116 1.03003379e+02  1.60942780e+00       260248.041322  4.46479100e-01  6.97623594e-03       -9.42312e+04   -230.700238535921 1.894427150506e-08 
1024        -60039283.7282 1.42236907e+02  3.14455711e+00       260248.034893  6.16540867e-01  1.36304142e-02       -8.97995e+04   -230.700238535394 2.635253111480e-08 
512         -60039283.7282 1.91781675e+02  5.99903864e+00       260248.034893  8.31297487e-01  2.60034529e-02       -8.16269e+04   -230.700238535394 3.620392845870e-08 
256         -60039283.7282 2.53343187e+02  1.12182249e+01       260248.034893  1.09814124e+00  4.86265115e-02       -7.12209e+04   -230.700238535394 4.817200169129e-08 
128         -60039283.7282 3.24631723e+02  2.03692059e+01       260248.034893  1.40714514e+00  8.82921389e-02       -5.84709e+04   -230.700238535394 6.288710442663e-08 
64          -60039283.7282 4.12115812e+02  3.67141946e+01       260248.034893  1.78634932e+00  1.59140646e-01       -4.71157e+04   -230.700238535394 7.498131816968e-08 
32          -60039283.7282 5.18310898e+02  6.58255499e+01       260248.034893  2.24665490e+00  2.85325457e-01       -3.72629e+04   -230.700238535394 8.510510024239e-08 
16          -60039283.7282 5.51914205e+02  1.00765287e+02       260248.034893  2.39230597e+00  4.36773315e-01       -2.11256e+04   -230.700238535394 9.532673854507e-08 
8           -60039283.7282 5.53978197e+02  1.48056901e+02       260248.034893  2.40123853e+00  6.41757991e-01       -1.06419e+04   -230.700238535394 7.904566381548e-08 
4           -60039283.7282 1.68643914e+02  6.88485895e+01       260248.034893  7.31040679e-01  2.98446108e-01       -4.93142e+02   -230.700238535394 7.310470679980e-08 
2           -60039283.7282 7.03280267e+01  4.97294246e+01       260248.034893  3.04810448e-01  2.15533535e-01       -4.28734e+01   -230.700238535394 3.144558806208e-08 
