# of blocks mean (X_1)     std.err. (X_1)  std.err.err. (X_1)  
# from 50000 to 0
2049        -0.683495808638 4.51796807e-06  7.05932511e-08       
1024        -0.683495603418 5.87266034e-06  1.29832096e-07       
512         -0.683495603418 6.81013454e-06  2.13024838e-07       
256         -0.683495603418 7.03629109e-06  3.11572207e-07       
128         -0.683495603418 7.39992696e-06  4.64312713e-07       
64          -0.683495603418 7.46352640e-06  6.64903778e-07       
32          -0.683495603418 7.85585396e-06  9.97694451e-07       
16          -0.683495603418 7.76225660e-06  1.41718768e-06       
8           -0.683495603418 8.77564640e-06  2.34539015e-06       
4           -0.683495603418 9.09925699e-06  3.71475611e-06       
2           -0.683495603418 4.97675781e-06  3.51909920e-06       
