# Block_length   Mean       Error        Error_in_Error
        2257  -1.1909598875507057        1.0368986164746692E-004   1.5436603513228534E-006
        1128  -1.1909570019662477        1.4267305949231985E-004   3.0051421403073787E-006
         564  -1.1909570019662463        1.9076814984053550E-004   5.6850812049530400E-006
         282  -1.1909570019662450        2.4366147743368444E-004   1.0278239078271983E-005
         141  -1.1909570019662472        3.0221146745576890E-004   1.8060589598603250E-005
          70  -1.1909199691796286        3.4562738779781360E-004   2.9421757107197545E-005
          35  -1.1909199691796286        3.9488959008978497E-004   4.7887396776383658E-005
          17  -1.1907547126543720        3.2241538016785504E-004   5.6995525418882250E-005
           8  -1.1906365236925527        3.4732001524506788E-004   9.2825178615439015E-005
           4  -1.1906365236925529        3.2348725353397134E-004   1.3206311824209404E-004
           2  -1.1906365236925529        2.3422053513796271E-004   1.6561892868919545E-004
