# No.Blocks      Mean       Error        Error_in_Error
        2257   950.03620726438021        4.9028387868556476E-002   7.2989950260790907E-004
        1128   950.03582127811262        6.8526011247806037E-002   1.4433727351241435E-003
         564   950.03582127811160        9.4981376027765504E-002   2.8305397736854789E-003
         282   950.03582127811137       0.12946534852542307        5.4611661166598059E-003
         141   950.03582127811239       0.17161004667494623        1.0255661871755318E-002
          70   950.02157524343238       0.22223941553020707        1.8918275386209604E-002
          35   950.02157524343238       0.26329921210752083        3.1929719490035785E-002
          17   950.04135396797938       0.32315578779766491        5.7126412232852454E-002
           8   949.97692645657662       0.29560207767110858        7.9002978390273412E-002
           4   949.97692645657662       0.33142199127761590       0.13530246136121601     
           2   949.97692645657662        5.4273150216969976E-002   3.8376912554775613E-002
