# No.Blocks      Mean       Error        Error_in_Error
        2257  -797.70630161037388        7.9207149498403795E-002   1.1791792782758980E-003
        1128  -797.70791028527594       0.11004858378726531        2.3179683522386420E-003
         564  -797.70791028527594       0.14989933050852841        4.4671496118268714E-003
         282  -797.70791028527663       0.19787701361878815        8.3469380366944443E-003
         141  -797.70791028527594       0.25466053463037752        1.5218877832930966E-002
          70  -797.72075355983804       0.30440665652261195        2.5912815437130865E-002
          35  -797.72075355983793       0.35370993662163430        4.2893630280044899E-002
          17  -797.84807389104833       0.33561101448785496        5.9328206046314717E-002
           8  -797.87316074463092       0.27247762591476521        7.2822708695329141E-002
           4  -797.87316074463081       0.21814821321835229        8.9058635114138612E-002
           2  -797.87316074463081       0.17470281321642198       0.12353354391769877     
