# No.Blocks      Mean       Error        Error_in_Error
        2257  -1.1889578887904309        1.2515695935816170E-005   1.8632471177382435E-007
        1128  -1.1889573169326224        1.6228671099648768E-005   3.4182671610380853E-007
         564  -1.1889573169326242        1.9096509357814297E-005   5.6909503248351654E-007
         282  -1.1889573169326240        1.9913115085243748E-005   8.3998406229389968E-007
         141  -1.1889573169326242        1.9772979714767805E-005   1.1816615523439550E-006
          70  -1.1889572200892859        2.1607833772069675E-005   1.8393809614023756E-006
          35  -1.1889572200892855        2.3526824168405842E-005   2.8530465024021077E-006
          17  -1.1889555105698530        2.6756689897871845E-005   4.7299592172226928E-006
           8  -1.1889611645507812        2.7625855807907556E-005   7.3833205321149361E-006
           4  -1.1889611645507812        2.7505857084208573E-005   1.1229219132371486E-005
           2  -1.1889611645507812        2.4586425950951747E-005   1.7385228515058889E-005
